Chile, Life tables (period 5x1), Males	Last modified: 20 Jul 2020;  Methods Protocol: v6 (2017)

  Year          Age         mx       qx    ax      lx      dx      Lx       Tx     ex
  1992           0      0.01624  0.01601  0.12  100000    1601   98586  7146132  71.46
  1992         1-4      0.00089  0.00354  1.44   98399     348  392707  7047546  71.62
  1992         5-9      0.00029  0.00145  2.59   98051     142  489914  6654839  67.87
  1992        10-14     0.00037  0.00183  2.73   97909     179  489139  6164925  62.97
  1992        15-19     0.00087  0.00435  2.86   97730     425  487742  5675786  58.08
  1992        20-24     0.00155  0.00774  2.54   97305     753  484667  5188044  53.32
  1992        25-29     0.00169  0.00841  2.47   96551     812  480699  4703376  48.71
  1992        30-34     0.00195  0.00971  2.53   95739     930  476400  4222677  44.11
  1992        35-39     0.00235  0.01170  2.52   94809    1109  471295  3746277  39.51
  1992        40-44     0.00327  0.01623  2.62   93700    1521  464879  3274982  34.95
  1992        45-49     0.00480  0.02374  2.57   92179    2189  455587  2810104  30.49
  1992        50-54     0.00717  0.03523  2.59   89991    3170  442308  2354516  26.16
  1992        55-59     0.01155  0.05620  2.64   86821    4880  422578  1912208  22.02
  1992        60-64     0.01906  0.09116  2.61   81941    7470  391849  1489630  18.18
  1992        65-69     0.02852  0.13385  2.71   74471    9968  349551  1097780  14.74
  1992        70-74     0.04657  0.20902  2.55   64503   13482  289502   748230  11.60
  1992        75-79     0.07238  0.30707  2.53   51021   15667  216462   458727   8.99
  1992        80-84     0.10893  0.42777  2.49   35354   15123  138836   242266   6.85
  1992        85-89     0.16555  0.57241  2.31   20231   11580   69948   103429   5.11
  1992        90-94     0.23450  0.71238  2.25    8650    6162   26279    33481   3.87
  1992        95-99     0.32946  0.82350  1.96    2488    2049    6219     7202   2.89
  1992       100-104    0.43746  0.90254  1.75     439     396     906      983   2.24
  1992       105-109    0.55202  0.94838  1.54      43      41      74       77   1.80
  1992       110+       0.64441  1.00000  1.55       2       2       3        3   1.55
  1993           0      0.01506  0.01486  0.12  100000    1486   98691  7142230  71.42
  1993         1-4      0.00071  0.00282  1.45   98514     277  393347  7043539  71.50
  1993         5-9      0.00032  0.00161  2.48   98236     158  490784  6650192  67.70
  1993        10-14     0.00036  0.00180  2.72   98078     177  489989  6159408  62.80
  1993        15-19     0.00093  0.00463  2.88   97902     453  488549  5669419  57.91
  1993        20-24     0.00159  0.00793  2.56   97448     773  485358  5180870  53.17
  1993        25-29     0.00189  0.00941  2.45   96676     910  481057  4695513  48.57
  1993        30-34     0.00192  0.00953  2.49   95766     913  476535  4214455  44.01
  1993        35-39     0.00240  0.01192  2.56   94853    1131  471506  3737920  39.41
  1993        40-44     0.00318  0.01580  2.59   93722    1481  465038  3266414  34.85
  1993        45-49     0.00483  0.02384  2.56   92241    2199  455848  2801376  30.37
  1993        50-54     0.00718  0.03531  2.66   90042    3179  442761  2345528  26.05
  1993        55-59     0.01187  0.05771  2.63   86862    5012  422435  1902767  21.91
  1993        60-64     0.01898  0.09080  2.64   81850    7432  391677  1480332  18.09
  1993        65-69     0.02877  0.13475  2.65   74418   10027  348543  1088655  14.63
  1993        70-74     0.04628  0.20781  2.55   64390   13381  289103   740111  11.49
  1993        75-79     0.07344  0.30994  2.49   51009   15810  215290   451009   8.84
  1993        80-84     0.11283  0.43908  2.48   35199   15455  136980   235719   6.70
  1993        85-89     0.17027  0.58484  2.32   19744   11547   67819    98739   5.00
  1993        90-94     0.24165  0.71484  2.14    8197    5860   24249    30920   3.77
  1993        95-99     0.33489  0.82850  1.95    2337    1937    5783     6671   2.85
  1993       100-104    0.44223  0.90495  1.74     401     363     820      888   2.22
  1993       105-109    0.55555  0.94931  1.53      38      36      65       68   1.79
  1993       110+       0.64676  1.00000  1.55       2       2       3        3   1.55
  1994           0      0.01364  0.01348  0.12  100000    1348   98817  7182284  71.82
  1994         1-4      0.00069  0.00276  1.53   98652     272  393935  7083467  71.80
  1994         5-9      0.00030  0.00152  2.35   98380     149  491503  6689532  68.00
  1994        10-14     0.00035  0.00174  2.75   98230     171  490768  6198030  63.10
  1994        15-19     0.00089  0.00446  2.79   98060     438  489332  5707262  58.20
  1994        20-24     0.00146  0.00725  2.56   97622     708  486381  5217929  53.45
  1994        25-29     0.00181  0.00901  2.56   96914     873  482435  4731548  48.82
  1994        30-34     0.00193  0.00960  2.57   96041     922  477963  4249113  44.24
  1994        35-39     0.00244  0.01211  2.58   95119    1152  472806  3771150  39.65
  1994        40-44     0.00311  0.01542  2.58   93967    1449  466331  3298344  35.10
  1994        45-49     0.00526  0.02596  2.65   92518    2402  456937  2832013  30.61
  1994        50-54     0.00764  0.03752  2.66   90115    3381  442662  2375076  26.36
  1994        55-59     0.01170  0.05697  2.68   86734    4941  422216  1932415  22.28
  1994        60-64     0.01830  0.08764  2.60   81793    7168  391781  1510199  18.46
  1994        65-69     0.02773  0.13010  2.64   74625    9709  350170  1118418  14.99
  1994        70-74     0.04618  0.20750  2.56   64917   13470  291665   768248  11.83
  1994        75-79     0.06827  0.29271  2.57   51446   15059  220576   476583   9.26
  1994        80-84     0.10522  0.41436  2.44   36388   15077  143290   256007   7.04
  1994        85-89     0.15848  0.55822  2.35   21310   11896   75061   112717   5.29
  1994        90-94     0.22639  0.69021  2.17    9414    6498   28702    37655   4.00
  1994        95-99     0.30872  0.80168  2.00    2916    2338    7574     8953   3.07
  1994       100-104    0.40883  0.88527  1.80     578     512    1252     1380   2.39
  1994       105-109    0.51723  0.93697  1.60      66      62     120      127   1.92
  1994       110+       0.60590  1.00000  1.65       4       4       7        7   1.65
  1995           0      0.01260  0.01247  0.12  100000    1247   98908  7164187  71.64
  1995         1-4      0.00072  0.00288  1.54   98753     284  394314  7065278  71.54
  1995         5-9      0.00028  0.00140  2.47   98469     138  491998  6670964  67.75
  1995        10-14     0.00031  0.00156  3.06   98332     154  491360  6178966  62.84
  1995        15-19     0.00091  0.00453  2.81   98178     445  489918  5687606  57.93
  1995        20-24     0.00153  0.00764  2.62   97733     747  486888  5197688  53.18
  1995        25-29     0.00171  0.00851  2.60   96987     826  482951  4710801  48.57
  1995        30-34     0.00194  0.00966  2.57   96161     929  478549  4227850  43.97
  1995        35-39     0.00240  0.01193  2.68   95232    1136  473521  3749301  39.37
  1995        40-44     0.00343  0.01702  2.64   94096    1601  466707  3275780  34.81
  1995        45-49     0.00532  0.02630  2.73   92495    2432  456942  2809073  30.37
  1995        50-54     0.00788  0.03870  2.66   90063    3485  442155  2352131  26.12
  1995        55-59     0.01199  0.05832  2.67   86577    5049  421100  1909976  22.06
  1995        60-64     0.01963  0.09380  2.65   81528    7647  389636  1488877  18.26
  1995        65-69     0.02832  0.13254  2.58   73881    9792  345727  1099241  14.88
  1995        70-74     0.04717  0.21186  2.60   64089   13578  287849   753513  11.76
  1995        75-79     0.06746  0.28993  2.58   50511   14644  217084   465665   9.22
  1995        80-84     0.10762  0.42170  2.44   35866   15125  140543   248581   6.93
  1995        85-89     0.16077  0.56063  2.30   20741   11628   72330   108038   5.21
  1995        90-94     0.23225  0.70231  2.19    9113    6400   27558    35709   3.92
  1995        95-99     0.31629  0.80979  1.99    2713    2197    6946     8151   3.00
  1995       100-104    0.41831  0.89121  1.78     516     460    1099     1205   2.33
  1995       105-109    0.52800  0.94069  1.58      56      53     100      105   1.88
  1995       110+       0.61736  1.00000  1.62       3       3       5        5   1.62
  1996           0      0.01291  0.01277  0.12  100000    1277   98881  7186790  71.87
  1996         1-4      0.00060  0.00239  1.48   98723     236  394297  7087910  71.80
  1996         5-9      0.00028  0.00141  2.42   98487     139  492077  6693613  67.96
  1996        10-14     0.00037  0.00187  2.86   98348     184  491345  6201535  63.06
  1996        15-19     0.00090  0.00450  2.86   98164     441  489875  5710191  58.17
  1996        20-24     0.00162  0.00806  2.56   97722     788  486691  5220316  53.42
  1996        25-29     0.00164  0.00818  2.51   96935     793  482702  4733625  48.83
  1996        30-34     0.00195  0.00971  2.45   96141     934  478326  4250923  44.22
  1996        35-39     0.00237  0.01179  2.61   95207    1122  473360  3772597  39.62
  1996        40-44     0.00327  0.01623  2.67   94085    1527  466865  3299237  35.07
  1996        45-49     0.00506  0.02503  2.72   92559    2317  457519  2832372  30.60
  1996        50-54     0.00789  0.03873  2.66   90241    3495  443030  2374853  26.32
  1996        55-59     0.01157  0.05629  2.62   86747    4883  422116  1931823  22.27
  1996        60-64     0.01880  0.09009  2.69   81864    7375  392291  1509707  18.44
  1996        65-69     0.02821  0.13190  2.55   74489    9825  348336  1117416  15.00
  1996        70-74     0.04531  0.20432  2.60   64663   13212  291604   769080  11.89
  1996        75-79     0.06913  0.29575  2.56   51451   15217  220120   477476   9.28
  1996        80-84     0.10379  0.41077  2.46   36234   14884  143402   257356   7.10
  1996        85-89     0.15710  0.55128  2.30   21350   11770   74923   113954   5.34
  1996        90-94     0.22116  0.68490  2.22    9580    6561   29669    39031   4.07
  1996        95-99     0.30518  0.79780  2.01    3019    2408    7892     9362   3.10
  1996       100-104    0.40453  0.88250  1.81     610     539    1332     1470   2.41
  1996       105-109    0.51247  0.93526  1.61      72      67     131      139   1.93
  1996       110+       0.60093  1.00000  1.66       5       5       8        8   1.66
  1997           0      0.01138  0.01127  0.13  100000    1127   99016  7253713  72.54
  1997         1-4      0.00051  0.00203  1.78   98873     200  395047  7154697  72.36
  1997         5-9      0.00034  0.00171  2.25   98673     169  492899  6759651  68.51
  1997        10-14     0.00032  0.00162  2.58   98504     159  492133  6266752  63.62
  1997        15-19     0.00074  0.00370  2.90   98344     364  490957  5774619  58.72
  1997        20-24     0.00150  0.00747  2.59   97981     732  488143  5283661  53.93
  1997        25-29     0.00169  0.00840  2.58   97249     817  484266  4795519  49.31
  1997        30-34     0.00201  0.00999  2.57   96432     963  479822  4311253  44.71
  1997        35-39     0.00228  0.01133  2.60   95468    1082  474745  3831431  40.13
  1997        40-44     0.00334  0.01657  2.65   94387    1564  468257  3356686  35.56
  1997        45-49     0.00456  0.02257  2.67   92823    2095  459235  2888429  31.12
  1997        50-54     0.00737  0.03619  2.59   90728    3283  445742  2429194  26.77
  1997        55-59     0.01109  0.05404  2.62   87445    4726  425961  1983453  22.68
  1997        60-64     0.01670  0.08038  2.68   82719    6649  398180  1557492  18.83
  1997        65-69     0.02725  0.12786  2.59   76070    9726  356958  1159312  15.24
  1997        70-74     0.04196  0.19100  2.65   66344   12672  301982   802355  12.09
  1997        75-79     0.06385  0.27492  2.48   53672   14755  231108   500373   9.32
  1997        80-84     0.10517  0.41521  2.47   38917   16159  153651   269265   6.92
  1997        85-89     0.16380  0.56759  2.30   22758   12917   78858   115613   5.08
  1997        90-94     0.24307  0.72200  2.19    9841    7105   29231    36755   3.73
  1997        95-99     0.34812  0.84178  1.93    2736    2303    6615     7524   2.75
  1997       100-104    0.46775  0.91842  1.69     433     398     850      909   2.10
  1997       105-109    0.59178  0.95913  1.48      35      34      57       59   1.68
  1997       110+       0.68957  1.00000  1.45       1       1       2        2   1.45
  1998           0      0.01204  0.01192  0.13  100000    1192   98958  7277194  72.77
  1998         1-4      0.00063  0.00251  1.76   98808     248  394677  7178236  72.65
  1998         5-9      0.00029  0.00144  2.34   98560     142  492422  6783559  68.83
  1998        10-14     0.00028  0.00142  2.78   98418     139  491780  6291137  63.92
  1998        15-19     0.00082  0.00407  2.87   98278     400  490540  5799357  59.01
  1998        20-24     0.00136  0.00679  2.64   97878     665  487820  5308816  54.24
  1998        25-29     0.00165  0.00824  2.51   97214     801  484076  4820996  49.59
  1998        30-34     0.00191  0.00951  2.61   96413     916  479870  4336920  44.98
  1998        35-39     0.00213  0.01057  2.49   95496    1010  474947  3857050  40.39
  1998        40-44     0.00307  0.01523  2.60   94486    1439  468984  3382103  35.79
  1998        45-49     0.00416  0.02058  2.58   93047    1915  460605  2913119  31.31
  1998        50-54     0.00688  0.03387  2.69   91132    3087  448531  2452514  26.91
  1998        55-59     0.01114  0.05428  2.65   88045    4779  428980  2003982  22.76
  1998        60-64     0.01641  0.07900  2.66   83266    6578  400924  1575002  18.92
  1998        65-69     0.02606  0.12275  2.64   76688    9414  361206  1174079  15.31
  1998        70-74     0.04163  0.18929  2.61   67274   12734  305881   812873  12.08
  1998        75-79     0.06488  0.27896  2.49   54540   15214  234497   506992   9.30
  1998        80-84     0.10161  0.40426  2.47   39326   15898  156467   272495   6.93
  1998        85-89     0.16560  0.57401  2.33   23428   13448   81209   116028   4.95
  1998        90-94     0.26479  0.74985  2.11    9980    7483   28262    34819   3.49
  1998        95-99     0.36589  0.85755  1.90    2497    2141    5851     6558   2.63
  1998       100-104    0.49589  0.93094  1.65     356     331     668      707   1.99
  1998       105-109    0.62735  0.96685  1.42      25      24      38       39   1.59
  1998       110+       0.72822  1.00000  1.37       1       1       1        1   1.37
  1999           0      0.01163  0.01151  0.13  100000    1151   98994  7302642  73.03
  1999         1-4      0.00045  0.00181  1.87   98849     179  395014  7203648  72.88
  1999         5-9      0.00026  0.00128  2.35   98670     126  493015  6808634  69.00
  1999        10-14     0.00030  0.00148  2.66   98543     146  492376  6315619  64.09
  1999        15-19     0.00075  0.00377  2.86   98397     371  491195  5823243  59.18
  1999        20-24     0.00125  0.00625  2.59   98027     613  488660  5332048  54.39
  1999        25-29     0.00160  0.00798  2.56   97414     777  485173  4843388  49.72
  1999        30-34     0.00183  0.00910  2.55   96637     879  481033  4358215  45.10
  1999        35-39     0.00211  0.01049  2.58   95757    1004  476359  3877182  40.49
  1999        40-44     0.00301  0.01495  2.65   94753    1417  470430  3400823  35.89
  1999        45-49     0.00427  0.02113  2.66   93337    1972  462067  2930393  31.40
  1999        50-54     0.00651  0.03207  2.72   91364    2930  450156  2468326  27.02
  1999        55-59     0.01072  0.05226  2.62   88434    4622  431185  2018170  22.82
  1999        60-64     0.01545  0.07454  2.65   83813    6248  404400  1586985  18.93
  1999        65-69     0.02611  0.12293  2.63   77565    9535  365263  1182585  15.25
  1999        70-74     0.04003  0.18250  2.59   68030   12415  310177   817322  12.01
  1999        75-79     0.06756  0.28984  2.55   55615   16119  238594   507145   9.12
  1999        80-84     0.10598  0.41913  2.51   39495   16554  156193   268551   6.80
  1999        85-89     0.17020  0.58551  2.34   22942   13433   78923   112358   4.90
  1999        90-94     0.25933  0.74889  2.18    9509    7121   27460    33435   3.52
  1999        95-99     0.38596  0.87311  1.86    2388    2085    5402     5975   2.50
  1999       100-104    0.52227  0.94075  1.60     303     285     546      573   1.89
  1999       105-109    0.65650  0.97200  1.38      18      17      27       27   1.52
  1999       110+       0.75687  1.00000  1.32       1       1       1        1   1.32
  2000           0      0.01025  0.01015  0.13  100000    1015   99115  7371076  73.71
  2000         1-4      0.00053  0.00210  1.91   98985     208  395504  7271961  73.47
  2000         5-9      0.00025  0.00126  2.55   98777     124  493578  6876457  69.62
  2000        10-14     0.00025  0.00126  2.52   98652     125  492952  6382878  64.70
  2000        15-19     0.00077  0.00387  3.01   98528     381  491881  5889926  59.78
  2000        20-24     0.00129  0.00642  2.57   98147     630  489201  5398045  55.00
  2000        25-29     0.00152  0.00758  2.55   97517     739  485776  4908844  50.34
  2000        30-34     0.00173  0.00861  2.55   96778     833  481848  4423068  45.70
  2000        35-39     0.00202  0.01006  2.65   95945     965  477455  3941220  41.08
  2000        40-44     0.00288  0.01431  2.78   94979    1360  471880  3463765  36.47
  2000        45-49     0.00429  0.02122  2.62   93620    1987  463374  2991885  31.96
  2000        50-54     0.00639  0.03152  2.76   91633    2888  451698  2528511  27.59
  2000        55-59     0.00998  0.04874  2.66   88744    4326  433606  2076814  23.40
  2000        60-64     0.01484  0.07165  2.61   84419    6048  407641  1643207  19.46
  2000        65-69     0.02486  0.11750  2.67   78370    9208  370409  1235566  15.77
  2000        70-74     0.03828  0.17541  2.62   69162   12132  316951   865157  12.51
  2000        75-79     0.06200  0.26923  2.56   57030   15354  247656   548206   9.61
  2000        80-84     0.09644  0.38851  2.50   41676   16192  167891   300550   7.21
  2000        85-89     0.15470  0.55017  2.38   25485   14021   90631   132659   5.21
  2000        90-94     0.24721  0.72736  2.17   11464    8338   33729    42028   3.67
  2000        95-99     0.36114  0.85427  1.92    3126    2670    7393     8299   2.66
  2000       100-104    0.49513  0.93099  1.65     455     424     856      906   1.99
  2000       105-109    0.63081  0.96767  1.42      31      30      48       50   1.58
  2000       110+       0.73446  1.00000  1.36       1       1       1        1   1.36
  2001           0      0.00985  0.00976  0.13  100000     976   99150  7357710  73.58
  2001         1-4      0.00058  0.00232  1.51   99024     230  395524  7258559  73.30
  2001         5-9      0.00024  0.00121  2.40   98794     119  493660  6863035  69.47
  2001        10-14     0.00026  0.00130  2.75   98675     128  493086  6369375  64.55
  2001        15-19     0.00083  0.00413  2.88   98547     407  491872  5876289  59.63
  2001        20-24     0.00134  0.00669  2.46   98140     657  489032  5384417  54.86
  2001        25-29     0.00153  0.00762  2.46   97483     742  485527  4895385  50.22
  2001        30-34     0.00183  0.00909  2.55   96741     879  481547  4409859  45.58
  2001        35-39     0.00214  0.01067  2.65   95861    1022  476900  3928312  40.98
  2001        40-44     0.00284  0.01411  2.65   94839    1339  471044  3451413  36.39
  2001        45-49     0.00419  0.02073  2.60   93501    1938  462860  2980368  31.88
  2001        50-54     0.00651  0.03207  2.70   91562    2937  451053  2517509  27.49
  2001        55-59     0.01036  0.05055  2.64   88626    4480  432560  2066455  23.32
  2001        60-64     0.01587  0.07640  2.57   84146    6429  405088  1633895  19.42
  2001        65-69     0.02517  0.11890  2.68   77717    9241  367175  1228808  15.81
  2001        70-74     0.03901  0.17811  2.56   68476   12196  312611   861632  12.58
  2001        75-79     0.06019  0.26313  2.61   56280   14809  246040   549021   9.76
  2001        80-84     0.09696  0.38934  2.47   41471   16146  166517   302981   7.31
  2001        85-89     0.15363  0.54594  2.35   25325   13826   89994   136464   5.39
  2001        90-94     0.22012  0.68472  2.24   11499    7873   35769    46470   4.04
  2001        95-99     0.32152  0.81650  1.99    3625    2960    9206    10702   2.95
  2001       100-104    0.43518  0.90195  1.75     665     600    1379     1495   2.25
  2001       105-109    0.55642  0.95004  1.53      65      62     111      116   1.78
  2001       110+       0.65407  1.00000  1.53       3       3       5        5   1.53
  2002           0      0.00968  0.00960  0.13  100000     960   99165  7406974  74.07
  2002         1-4      0.00052  0.00206  1.64   99040     204  395678  7307809  73.79
  2002         5-9      0.00022  0.00110  2.42   98836     109  493899  6912132  69.94
  2002        10-14     0.00032  0.00160  2.93   98727     158  493309  6418233  65.01
  2002        15-19     0.00075  0.00374  2.89   98569     368  492068  5924923  60.11
  2002        20-24     0.00129  0.00643  2.55   98201     631  489455  5432856  55.32
  2002        25-29     0.00148  0.00740  2.55   97570     722  486078  4943400  50.67
  2002        30-34     0.00162  0.00806  2.51   96848     781  482298  4457322  46.02
  2002        35-39     0.00203  0.01010  2.57   96068     971  477977  3975025  41.38
  2002        40-44     0.00278  0.01380  2.65   95097    1313  472403  3497048  36.77
  2002        45-49     0.00408  0.02023  2.71   93784    1898  464570  3024644  32.25
  2002        50-54     0.00599  0.02952  2.67   91887    2713  453120  2560074  27.86
  2002        55-59     0.00997  0.04873  2.69   89174    4346  435819  2106954  23.63
  2002        60-64     0.01491  0.07195  2.60   84828    6104  409486  1671135  19.70
  2002        65-69     0.02416  0.11446  2.70   78724    9011  372915  1261648  16.03
  2002        70-74     0.03862  0.17672  2.60   69714   12319  319032   888734  12.75
  2002        75-79     0.05793  0.25383  2.56   57394   14569  251474   569702   9.93
  2002        80-84     0.09528  0.38409  2.48   42826   16449  172635   318229   7.43
  2002        85-89     0.14506  0.52711  2.41   26377   13903   95846   145593   5.52
  2002        90-94     0.22510  0.69098  2.21   12473    8619   38288    49747   3.99
  2002        95-99     0.31876  0.81391  1.99    3855    3137    9842    11458   2.97
  2002       100-104    0.43376  0.90134  1.76     717     647    1490     1617   2.25
  2002       105-109    0.55671  0.95022  1.53      71      67     121      126   1.78
  2002       110+       0.65573  1.00000  1.53       4       4       5        5   1.53
  2003           0      0.00894  0.00887  0.13  100000     887   99230  7419639  74.20
  2003         1-4      0.00047  0.00189  1.40   99113     187  395966  7320409  73.86
  2003         5-9      0.00022  0.00112  2.39   98926     111  494340  6924443  70.00
  2003        10-14     0.00028  0.00141  2.72   98815     139  493757  6430103  65.07
  2003        15-19     0.00069  0.00347  2.79   98676     342  492622  5936346  60.16
  2003        20-24     0.00128  0.00636  2.54   98334     625  490129  5443724  55.36
  2003        25-29     0.00141  0.00703  2.56   97708     687  486868  4953595  50.70
  2003        30-34     0.00165  0.00820  2.59   97021     795  483190  4466727  46.04
  2003        35-39     0.00204  0.01013  2.56   96226     975  478746  3983537  41.40
  2003        40-44     0.00257  0.01279  2.57   95251    1218  473294  3504791  36.80
  2003        45-49     0.00401  0.01984  2.58   94032    1865  465647  3031497  32.24
  2003        50-54     0.00599  0.02953  2.61   92167    2722  454318  2565850  27.84
  2003        55-59     0.01002  0.04894  2.64   89445    4378  436905  2111532  23.61
  2003        60-64     0.01543  0.07441  2.59   85067    6330  410093  1674627  19.69
  2003        65-69     0.02320  0.11001  2.66   78738    8662  373433  1264534  16.06
  2003        70-74     0.03811  0.17428  2.55   70076   12213  320497   891101  12.72
  2003        75-79     0.05910  0.25788  2.53   57863   14922  252471   570604   9.86
  2003        80-84     0.09486  0.38281  2.48   42942   16438  173297   318133   7.41
  2003        85-89     0.14901  0.53660  2.39   26503   14222   95440   144836   5.46
  2003        90-94     0.22251  0.68929  2.24   12282    8466   38046    49397   4.02
  2003        95-99     0.31861  0.81370  1.99    3816    3105    9746    11351   2.97
  2003       100-104    0.43311  0.90094  1.76     711     641    1479     1605   2.26
  2003       105-109    0.55557  0.94987  1.54      70      67     120      126   1.79
  2003       110+       0.65425  1.00000  1.53       4       4       5        5   1.53
  2004           0      0.00989  0.00980  0.13  100000     980   99147  7428831  74.29
  2004         1-4      0.00045  0.00179  1.40   99020     177  395618  7329685  74.02
  2004         5-9      0.00023  0.00114  2.50   98843     113  493931  6934067  70.15
  2004        10-14     0.00026  0.00128  2.72   98730     126  493360  6440136  65.23
  2004        15-19     0.00077  0.00386  3.01   98603     381  492259  5946776  60.31
  2004        20-24     0.00120  0.00596  2.54   98222     586  489670  5454516  55.53
  2004        25-29     0.00130  0.00649  2.47   97636     633  486583  4964846  50.85
  2004        30-34     0.00165  0.00823  2.59   97003     798  483095  4478264  46.17
  2004        35-39     0.00196  0.00976  2.62   96205     939  478787  3995168  41.53
  2004        40-44     0.00269  0.01334  2.56   95266    1271  473231  3516382  36.91
  2004        45-49     0.00391  0.01935  2.65   93995    1819  465705  3043151  32.38
  2004        50-54     0.00594  0.02931  2.62   92176    2701  454453  2577446  27.96
  2004        55-59     0.00938  0.04589  2.65   89475    4106  437703  2122993  23.73
  2004        60-64     0.01486  0.07183  2.67   85368    6132  412568  1685290  19.74
  2004        65-69     0.02231  0.10599  2.64   79236    8398  376371  1272723  16.06
  2004        70-74     0.03918  0.17893  2.58   70838   12675  323547   896352  12.65
  2004        75-79     0.05867  0.25750  2.63   58163   14977  255282   572805   9.85
  2004        80-84     0.09353  0.37862  2.49   43186   16351  174819   317522   7.35
  2004        85-89     0.15169  0.54405  2.40   26835   14599   96244   142704   5.32
  2004        90-94     0.23737  0.71348  2.20   12235    8730   36777    46460   3.80
  2004        95-99     0.34566  0.84076  1.95    3506    2947    8527     9683   2.76
  2004       100-104    0.47460  0.92230  1.69     558     515    1085     1156   2.07
  2004       105-109    0.60782  0.96307  1.45      43      42      69       71   1.64
  2004       110+       0.71152  1.00000  1.41       2       2       2        2   1.41
  2005           0      0.00916  0.00909  0.13  100000     909   99210  7471717  74.72
  2005         1-4      0.00041  0.00162  1.48   99091     161  395960  7372507  74.40
  2005         5-9      0.00021  0.00106  2.52   98930     105  494391  6976547  70.52
  2005        10-14     0.00023  0.00114  2.81   98825     113  493880  6482156  65.59
  2005        15-19     0.00078  0.00388  2.95   98713     383  492778  5988276  60.66
  2005        20-24     0.00120  0.00597  2.56   98329     587  490214  5495498  55.89
  2005        25-29     0.00131  0.00655  2.52   97743     640  487125  5005283  51.21
  2005        30-34     0.00161  0.00803  2.60   97103     780  483639  4518158  46.53
  2005        35-39     0.00196  0.00976  2.60   96323     940  479360  4034519  41.89
  2005        40-44     0.00255  0.01268  2.57   95382    1210  473974  3555159  37.27
  2005        45-49     0.00370  0.01833  2.67   94173    1727  466841  3081185  32.72
  2005        50-54     0.00544  0.02686  2.67   92446    2483  456439  2614344  28.28
  2005        55-59     0.00901  0.04415  2.72   89963    3971  440751  2157905  23.99
  2005        60-64     0.01445  0.06987  2.66   85992    6008  415905  1717154  19.97
  2005        65-69     0.02201  0.10457  2.61   79984    8364  379940  1301249  16.27
  2005        70-74     0.03744  0.17185  2.61   71620   12308  328709   921309  12.86
  2005        75-79     0.05782  0.25303  2.54   59313   15008  259588   592600   9.99
  2005        80-84     0.09208  0.37462  2.51   44305   16597  180250   333013   7.52
  2005        85-89     0.14379  0.52427  2.42   27707   14526  101022   152763   5.51
  2005        90-94     0.22856  0.69698  2.20   13181    9187   40195    51741   3.93
  2005        95-99     0.32850  0.82441  1.98    3994    3293   10024    11546   2.89
  2005       100-104    0.45139  0.91116  1.73     701     639    1416     1522   2.17
  2005       105-109    0.58106  0.95690  1.50      62      60     103      107   1.71
  2005       110+       0.68397  1.00000  1.46       3       3       4        4   1.46
  2006           0      0.00865  0.00858  0.13  100000     858   99255  7517053  75.17
  2006         1-4      0.00044  0.00175  1.57   99142     174  396145  7417798  74.82
  2006         5-9      0.00021  0.00107  2.40   98968     106  494565  7021652  70.95
  2006        10-14     0.00025  0.00125  2.84   98862     124  494044  6527087  66.02
  2006        15-19     0.00071  0.00354  2.83   98738     349  492935  6033043  61.10
  2006        20-24     0.00115  0.00573  2.62   98389     564  490600  5540108  56.31
  2006        25-29     0.00132  0.00658  2.57   97825     644  487561  5049508  51.62
  2006        30-34     0.00157  0.00780  2.53   97181     758  484033  4561947  46.94
  2006        35-39     0.00190  0.00948  2.68   96423     914  479993  4077915  42.29
  2006        40-44     0.00263  0.01304  2.63   95509    1246  474590  3597922  37.67
  2006        45-49     0.00346  0.01715  2.68   94263    1617  467570  3123332  33.13
  2006        50-54     0.00550  0.02718  2.69   92647    2518  457427  2655762  28.67
  2006        55-59     0.00854  0.04189  2.76   90129    3776  442178  2198335  24.39
  2006        60-64     0.01389  0.06729  2.67   86353    5811  418231  1756157  20.34
  2006        65-69     0.02133  0.10147  2.61   80542    8172  383203  1337926  16.61
  2006        70-74     0.03506  0.16192  2.65   72370   11718  334260   954723  13.19
  2006        75-79     0.05495  0.24217  2.55   60652   14688  267280   620463  10.23
  2006        80-84     0.08844  0.36147  2.47   45964   16614  187867   353182   7.68
  2006        85-89     0.14088  0.51547  2.40   29349   15129  107386   165315   5.63
  2006        90-94     0.21895  0.68466  2.26   14221    9736   44469    57930   4.07
  2006        95-99     0.31483  0.81036  2.01    4484    3634   11543    13460   3.00
  2006       100-104    0.43335  0.90152  1.76     850     767    1769     1918   2.25
  2006       105-109    0.56041  0.95148  1.53      84      80     142      148   1.77
  2006       110+       0.66257  1.00000  1.51       4       4       6        6   1.51
  2007           0      0.00961  0.00953  0.13  100000     953   99171  7463119  74.63
  2007         1-4      0.00035  0.00141  1.55   99047     140  395842  7363948  74.35
  2007         5-9      0.00021  0.00103  2.49   98906     102  494277  6968106  70.45
  2007        10-14     0.00023  0.00113  2.50   98805     112  493744  6473829  65.52
  2007        15-19     0.00070  0.00350  2.76   98693     345  492691  5980085  60.59
  2007        20-24     0.00114  0.00570  2.66   98347     560  490424  5487394  55.80
  2007        25-29     0.00140  0.00699  2.55   97787     684  487261  4996970  51.10
  2007        30-34     0.00154  0.00768  2.63   97104     745  483754  4509709  46.44
  2007        35-39     0.00197  0.00981  2.55   96358     945  479477  4025955  41.78
  2007        40-44     0.00262  0.01300  2.64   95413    1241  474138  3546478  37.17
  2007        45-49     0.00380  0.01884  2.65   94172    1774  466686  3072339  32.62
  2007        50-54     0.00555  0.02740  2.64   92398    2531  456004  2605654  28.20
  2007        55-59     0.00871  0.04271  2.72   89867    3838  440593  2149650  23.92
  2007        60-64     0.01480  0.07150  2.65   86028    6151  415682  1709056  19.87
  2007        65-69     0.02284  0.10835  2.63   79878    8655  378873  1293374  16.19
  2007        70-74     0.03497  0.16195  2.73   71223   11535  329876   914501  12.84
  2007        75-79     0.05878  0.25719  2.57   59688   15351  261178   584625   9.79
  2007        80-84     0.09569  0.38570  2.49   44337   17100  178713   323448   7.30
  2007        85-89     0.15139  0.54098  2.36   27236   14734   97328   144735   5.31
  2007        90-94     0.23900  0.71708  2.21   12502    8965   37510    47407   3.79
  2007        95-99     0.34091  0.83609  1.95    3537    2957    8675     9897   2.80
  2007       100-104    0.46580  0.91807  1.70     580     532    1143     1222   2.11
  2007       105-109    0.59581  0.96034  1.47      47      46      77       79   1.67
  2007       110+       0.69794  1.00000  1.43       2       2       3        3   1.43
  2008           0      0.00854  0.00848  0.13  100000     848   99265  7520165  75.20
  2008         1-4      0.00037  0.00148  1.46   99152     147  396236  7420900  74.84
  2008         5-9      0.00021  0.00106  2.48   99006     105  494762  7024664  70.95
  2008        10-14     0.00022  0.00112  2.87   98900     111  494265  6529902  66.03
  2008        15-19     0.00074  0.00368  2.91   98789     363  493187  6035636  61.10
  2008        20-24     0.00124  0.00620  2.61   98426     610  490674  5542449  56.31
  2008        25-29     0.00130  0.00646  2.54   97816     632  487525  5051775  51.65
  2008        30-34     0.00164  0.00818  2.57   97184     795  483991  4564250  46.96
  2008        35-39     0.00195  0.00971  2.59   96389     936  479694  4080258  42.33
  2008        40-44     0.00259  0.01286  2.60   95453    1228  474319  3600565  37.72
  2008        45-49     0.00370  0.01835  2.59   94226    1729  466960  3126245  33.18
  2008        50-54     0.00573  0.02826  2.66   92497    2614  456377  2659285  28.75
  2008        55-59     0.00839  0.04116  2.67   89883    3700  440783  2202908  24.51
  2008        60-64     0.01414  0.06840  2.63   86184    5895  416927  1762125  20.45
  2008        65-69     0.02200  0.10451  2.62   80288    8391  381479  1345198  16.75
  2008        70-74     0.03294  0.15290  2.65   71897   10993  333704   963719  13.40
  2008        75-79     0.05393  0.23839  2.57   60904   14519  269242   630014  10.34
  2008        80-84     0.08902  0.36376  2.49   46385   16873  189530   360773   7.78
  2008        85-89     0.13682  0.50630  2.43   29512   14942  109208   171242   5.80
  2008        90-94     0.20744  0.66379  2.29   14570    9672   46623    62034   4.26
  2008        95-99     0.29877  0.79216  2.04    4899    3880   12988    15411   3.15
  2008       100-104    0.40910  0.88670  1.81    1018     903    2207     2423   2.38
  2008       105-109    0.52958  0.94196  1.58     115     109     205      216   1.87
  2008       110+       0.62801  1.00000  1.59       7       7      11       11   1.59
  2009           0      0.00886  0.00879  0.13  100000     879   99236  7536010  75.36
  2009         1-4      0.00037  0.00147  1.62   99121     146  396137  7436774  75.03
  2009         5-9      0.00018  0.00090  2.45   98975      89  494648  7040637  71.14
  2009        10-14     0.00022  0.00108  2.83   98886     107  494197  6545989  66.20
  2009        15-19     0.00073  0.00367  2.89   98779     362  493130  6051792  61.27
  2009        20-24     0.00124  0.00619  2.56   98416     609  490598  5558662  56.48
  2009        25-29     0.00138  0.00688  2.58   97807     673  487408  5068064  51.82
  2009        30-34     0.00147  0.00730  2.58   97134     709  483956  4580656  47.16
  2009        35-39     0.00185  0.00920  2.54   96425     887  479940  4096699  42.49
  2009        40-44     0.00263  0.01306  2.61   95538    1248  474705  3616759  37.86
  2009        45-49     0.00375  0.01860  2.65   94290    1754  467330  3142055  33.32
  2009        50-54     0.00559  0.02760  2.64   92536    2554  456645  2674725  28.90
  2009        55-59     0.00845  0.04139  2.61   89982    3725  441020  2218080  24.65
  2009        60-64     0.01360  0.06590  2.67   86257    5684  418016  1777060  20.60
  2009        65-69     0.02140  0.10187  2.64   80573    8208  383498  1359045  16.87
  2009        70-74     0.03166  0.14717  2.61   72365   10650  336399   975547  13.48
  2009        75-79     0.05353  0.23679  2.56   61715   14614  272988   639148  10.36
  2009        80-84     0.08880  0.36381  2.52   47101   17136  192979   366160   7.77
  2009        85-89     0.13520  0.50031  2.40   29965   14992  110891   173180   5.78
  2009        90-94     0.21231  0.66710  2.21   14973    9989   47048    62290   4.16
  2009        95-99     0.30829  0.80325  2.02    4985    4004   12988    15242   3.06
  2009       100-104    0.42448  0.89640  1.78     981     879    2071     2254   2.30
  2009       105-109    0.54997  0.94848  1.55     102      96     175      183   1.80
  2009       110+       0.65148  1.00000  1.53       5       5       8        8   1.53
  2010           0      0.00816  0.00810  0.13  100000     810   99298  7526791  75.27
  2010         1-4      0.00035  0.00140  1.63   99190     139  396432  7427494  74.88
  2010         5-9      0.00019  0.00094  2.41   99051      93  495016  7031062  70.98
  2010        10-14     0.00021  0.00105  2.78   98958     104  494559  6536045  66.05
  2010        15-19     0.00073  0.00363  2.80   98854     358  493482  6041486  61.12
  2010        20-24     0.00114  0.00566  2.59   98495     558  491134  5548004  56.33
  2010        25-29     0.00130  0.00646  2.50   97938     632  488106  5056870  51.63
  2010        30-34     0.00143  0.00711  2.58   97305     692  484854  4568764  46.95
  2010        35-39     0.00182  0.00908  2.62   96614     877  480982  4083910  42.27
  2010        40-44     0.00261  0.01296  2.64   95736    1241  475751  3602928  37.63
  2010        45-49     0.00380  0.01882  2.68   94496    1779  468347  3127177  33.09
  2010        50-54     0.00549  0.02711  2.67   92717    2513  457723  2658830  28.68
  2010        55-59     0.00830  0.04070  2.68   90204    3671  442490  2201108  24.40
  2010        60-64     0.01351  0.06547  2.67   86533    5666  419489  1758618  20.32
  2010        65-69     0.02112  0.10064  2.66   80868    8138  385286  1339128  16.56
  2010        70-74     0.03269  0.15147  2.58   72729   11016  337036   953842  13.11
  2010        75-79     0.05628  0.24825  2.63   61713   15320  272240   616806   9.99
  2010        80-84     0.09261  0.37629  2.51   46393   17457  188496   344566   7.43
  2010        85-89     0.14909  0.53644  2.39   28936   15522  104113   156070   5.39
  2010        90-94     0.23098  0.70669  2.25   13413    9479   41039    51957   3.87
  2010        95-99     0.34371  0.83912  1.95    3934    3301    9605    10919   2.78
  2010       100-104    0.47316  0.92173  1.69     633     583    1233     1314   2.08
  2010       105-109    0.60712  0.96296  1.45      50      48      79       81   1.64
  2010       110+       0.71143  1.00000  1.41       2       2       3        3   1.41
  2011           0      0.00809  0.00803  0.13  100000     803   99304  7597411  75.97
  2011         1-4      0.00030  0.00121  1.47   99197     120  396483  7498107  75.59
  2011         5-9      0.00015  0.00076  2.31   99077      75  495183  7101624  71.68
  2011        10-14     0.00022  0.00111  2.89   99002     110  494778  6606441  66.73
  2011        15-19     0.00068  0.00340  2.92   98892     336  493760  6111663  61.80
  2011        20-24     0.00111  0.00555  2.66   98556     547  491503  5617903  57.00
  2011        25-29     0.00119  0.00591  2.72   98009     580  488726  5126400  52.31
  2011        30-34     0.00136  0.00678  2.51   97430     660  485503  4637674  47.60
  2011        35-39     0.00182  0.00905  2.64   96769     876  481781  4152171  42.91
  2011        40-44     0.00240  0.01194  2.67   95894    1144  476802  3670389  38.28
  2011        45-49     0.00342  0.01698  2.64   94749    1609  469950  3193587  33.71
  2011        50-54     0.00517  0.02554  2.72   93140    2378  460269  2723637  29.24
  2011        55-59     0.00815  0.03996  2.65   90762    3627  445276  2263368  24.94
  2011        60-64     0.01300  0.06313  2.70   87135    5501  423032  1818092  20.87
  2011        65-69     0.02018  0.09639  2.67   81634    7868  389858  1395059  17.09
  2011        70-74     0.03046  0.14197  2.61   73766   10472  343838  1005201  13.63
  2011        75-79     0.05094  0.22711  2.62   63293   14375  282199   661364  10.45
  2011        80-84     0.08755  0.35934  2.51   48919   17578  200787   379165   7.75
  2011        85-89     0.13673  0.50519  2.42   31340   15833  115795   178377   5.69
  2011        90-94     0.22037  0.68452  2.23   15507   10615   48169    62582   4.04
  2011        95-99     0.32124  0.81748  2.00    4892    3999   12450    14413   2.95
  2011       100-104    0.44504  0.90815  1.74     893     811    1822     1963   2.20
  2011       105-109    0.57660  0.95592  1.50      82      78     136      141   1.72
  2011       110+       0.68131  1.00000  1.47       4       4       5        5   1.47
  2012           0      0.00780  0.00775  0.13  100000     775   99329  7611318  76.11
  2012         1-4      0.00032  0.00129  1.61   99225     128  396593  7511990  75.71
  2012         5-9      0.00017  0.00085  2.65   99097      84  495285  7115397  71.80
  2012        10-14     0.00021  0.00106  2.69   99012     105  494819  6620112  66.86
  2012        15-19     0.00062  0.00312  2.90   98907     309  493887  6125293  61.93
  2012        20-24     0.00091  0.00455  2.54   98599     448  491889  5631406  57.11
  2012        25-29     0.00112  0.00557  2.61   98150     546  489443  5139517  52.36
  2012        30-34     0.00135  0.00671  2.52   97604     655  486395  4650074  47.64
  2012        35-39     0.00171  0.00851  2.66   96949     825  482815  4163680  42.95
  2012        40-44     0.00238  0.01182  2.67   96124    1137  477966  3680864  38.29
  2012        45-49     0.00342  0.01696  2.60   94987    1611  471069  3202898  33.72
  2012        50-54     0.00525  0.02592  2.67   93376    2421  461237  2731829  29.26
  2012        55-59     0.00801  0.03931  2.66   90955    3575  446405  2270592  24.96
  2012        60-64     0.01173  0.05710  2.65   87380    4989  425181  1824186  20.88
  2012        65-69     0.02045  0.09761  2.66   82391    8042  393172  1399005  16.98
  2012        70-74     0.03135  0.14589  2.62   74349   10847  345952  1005833  13.53
  2012        75-79     0.05094  0.22706  2.61   63502   14419  283054   659881  10.39
  2012        80-84     0.08868  0.36500  2.58   49083   17915  202015   376827   7.68
  2012        85-89     0.14106  0.51657  2.41   31168   16100  114137   174812   5.61
  2012        90-94     0.22002  0.68268  2.22   15068   10286   46752    60675   4.03
  2012        95-99     0.32550  0.82179  1.99    4781    3929   12071    13924   2.91
  2012       100-104    0.45045  0.91093  1.73     852     776    1723     1853   2.17
  2012       105-109    0.58256  0.95739  1.49      76      73     125      129   1.71
  2012       110+       0.68729  1.00000  1.45       3       3       5        5   1.45
  2013           0      0.00785  0.00780  0.13  100000     780   99325  7618994  76.19
  2013         1-4      0.00031  0.00124  1.62   99220     123  396589  7519670  75.79
  2013         5-9      0.00016  0.00082  2.51   99098      81  495285  7123080  71.88
  2013        10-14     0.00021  0.00106  2.98   99016     105  494869  6627795  66.94
  2013        15-19     0.00063  0.00313  2.88   98911     310  493899  6132926  62.00
  2013        20-24     0.00096  0.00481  2.52   98601     474  491831  5639027  57.19
  2013        25-29     0.00107  0.00533  2.56   98127     523  489357  5147196  52.45
  2013        30-34     0.00132  0.00659  2.49   97604     643  486405  4657839  47.72
  2013        35-39     0.00169  0.00842  2.60   96960     817  482840  4171434  43.02
  2013        40-44     0.00241  0.01198  2.63   96144    1152  477992  3688595  38.37
  2013        45-49     0.00356  0.01763  2.67   94992    1675  471058  3210603  33.80
  2013        50-54     0.00527  0.02605  2.70   93317    2431  460981  2739545  29.36
  2013        55-59     0.00788  0.03866  2.66   90886    3514  446200  2278564  25.07
  2013        60-64     0.01257  0.06105  2.64   87372    5334  424250  1832364  20.97
  2013        65-69     0.01984  0.09477  2.63   82037    7775  391776  1408114  17.16
  2013        70-74     0.03124  0.14531  2.60   74262   10791  345418  1016338  13.69
  2013        75-79     0.04855  0.21736  2.59   63471   13796  284158   670920  10.57
  2013        80-84     0.08605  0.35681  2.61   49675   17725  205971   386762   7.79
  2013        85-89     0.14140  0.51749  2.41   31951   16534  116935   180791   5.66
  2013        90-94     0.21066  0.66440  2.22   15416   10243   48621    63856   4.14
  2013        95-99     0.32130  0.81768  2.00    5174    4230   13167    15235   2.94
  2013       100-104    0.44628  0.90889  1.74     943     857    1921     2068   2.19
  2013       105-109    0.57902  0.95657  1.50      86      82     142      147   1.72
  2013       110+       0.68449  1.00000  1.46       4       4       5        5   1.46
  2014           0      0.00786  0.00780  0.13  100000     780   99324  7632908  76.33
  2014         1-4      0.00032  0.00129  1.82   99220     128  396600  7533584  75.93
  2014         5-9      0.00016  0.00080  2.38   99092      79  495251  7136984  72.02
  2014        10-14     0.00020  0.00098  2.78   99012      97  494846  6641734  67.08
  2014        15-19     0.00063  0.00315  2.83   98915     311  493899  6146888  62.14
  2014        20-24     0.00099  0.00493  2.61   98604     486  491857  5652989  57.33
  2014        25-29     0.00117  0.00581  2.59   98118     570  489217  5161132  52.60
  2014        30-34     0.00136  0.00679  2.66   97548     663  486186  4671915  47.89
  2014        35-39     0.00163  0.00811  2.64   96885     786  482573  4185730  43.20
  2014        40-44     0.00233  0.01161  2.57   96099    1115  477783  3703157  38.53
  2014        45-49     0.00342  0.01697  2.64   94984    1612  471114  3225374  33.96
  2014        50-54     0.00504  0.02493  2.69   93372    2327  461474  2754260  29.50
  2014        55-59     0.00781  0.03835  2.66   91044    3492  447055  2292786  25.18
  2014        60-64     0.01203  0.05846  2.64   87553    5119  425668  1845731  21.08
  2014        65-69     0.02000  0.09546  2.61   82434    7869  393389  1420063  17.23
  2014        70-74     0.03072  0.14316  2.62   74565   10675  347451  1026674  13.77
  2014        75-79     0.04753  0.21345  2.61   63890   13638  286918   679224  10.63
  2014        80-84     0.08295  0.34556  2.59   50253   17365  209360   392306   7.81
  2014        85-89     0.14333  0.52083  2.38   32887   17129  119507   182946   5.56
  2014        90-94     0.21767  0.67854  2.23   15759   10693   49124    63439   4.03
  2014        95-99     0.33622  0.83303  1.97    5066    4220   12551    14315   2.83
  2014       100-104    0.47064  0.92112  1.70     846     779    1655     1764   2.09
  2014       105-109    0.61035  0.96389  1.45      67      64     105      109   1.63
  2014       110+       0.71871  1.00000  1.39       2       2       3        3   1.39
  2015           0      0.00759  0.00754  0.13  100000     754   99347  7654732  76.55
  2015         1-4      0.00026  0.00104  1.51   99246     103  396727  7555385  76.13
  2015         5-9      0.00016  0.00078  2.39   99143      77  495513  7158658  72.21
  2015        10-14     0.00018  0.00091  2.81   99066      90  495131  6663145  67.26
  2015        15-19     0.00068  0.00340  2.92   98976     337  494179  6168014  62.32
  2015        20-24     0.00091  0.00453  2.68   98639     447  492156  5673835  57.52
  2015        25-29     0.00116  0.00580  2.61   98192     570  489602  5181679  52.77
  2015        30-34     0.00130  0.00648  2.65   97623     633  486627  4692076  48.06
  2015        35-39     0.00164  0.00818  2.57   96990     794  483020  4205450  43.36
  2015        40-44     0.00228  0.01134  2.62   96196    1091  478382  3722430  38.70
  2015        45-49     0.00333  0.01650  2.68   95105    1569  471879  3244048  34.11
  2015        50-54     0.00515  0.02546  2.65   93536    2382  462073  2772169  29.64
  2015        55-59     0.00771  0.03786  2.63   91154    3451  447583  2310096  25.34
  2015        60-64     0.01212  0.05891  2.64   87703    5167  426318  1862513  21.24
  2015        65-69     0.01916  0.09166  2.65   82536    7565  394926  1436195  17.40
  2015        70-74     0.03005  0.14028  2.63   74971   10517  349933  1041269  13.89
  2015        75-79     0.04688  0.21045  2.57   64454   13564  289360   691336  10.73
  2015        80-84     0.07837  0.32963  2.59   50890   16775  214036   401977   7.90
  2015        85-89     0.14703  0.52837  2.34   34115   18025  122595   187940   5.51
  2015        90-94     0.21461  0.67358  2.24   16090   10838   50499    65345   4.06
  2015        95-99     0.33588  0.83301  1.97    5252    4375   13025    14847   2.83
  2015       100-104    0.47274  0.92226  1.69     877     809    1711     1821   2.08
  2015       105-109    0.61479  0.96489  1.44      68      66     107      110   1.62
  2015       110+       0.72450  1.00000  1.38       2       2       3        3   1.38
  2016           0      0.00747  0.00743  0.13  100000     743   99357  7689954  76.90
  2016         1-4      0.00025  0.00101  1.72   99257     100  396801  7590597  76.47
  2016         5-9      0.00014  0.00072  2.36   99157      71  495598  7193796  72.55
  2016        10-14     0.00017  0.00087  2.89   99086      86  495249  6698198  67.60
  2016        15-19     0.00059  0.00297  3.01   99000     294  494416  6202949  62.66
  2016        20-24     0.00094  0.00468  2.55   98706     462  492396  5708533  57.83
  2016        25-29     0.00110  0.00548  2.66   98244     538  489958  5216137  53.09
  2016        30-34     0.00133  0.00663  2.59   97706     648  486970  4726179  48.37
  2016        35-39     0.00174  0.00865  2.56   97058     840  483238  4239209  43.68
  2016        40-44     0.00237  0.01177  2.64   96219    1133  478415  3755970  39.04
  2016        45-49     0.00316  0.01567  2.65   95086    1490  471922  3277555  34.47
  2016        50-54     0.00490  0.02424  2.62   93596    2269  462586  2805633  29.98
  2016        55-59     0.00720  0.03540  2.68   91328    3233  449129  2343047  25.66
  2016        60-64     0.01153  0.05615  2.69   88095    4946  429040  1893918  21.50
  2016        65-69     0.01845  0.08844  2.67   83149    7354  398637  1464877  17.62
  2016        70-74     0.02833  0.13272  2.62   75795   10060  355051  1066240  14.07
  2016        75-79     0.04599  0.20728  2.62   65735   13626  296252   711189  10.82
  2016        80-84     0.07438  0.31456  2.55   52109   16392  220382   414937   7.96
  2016        85-89     0.14827  0.53517  2.40   35718   19115  128917   194555   5.45
  2016        90-94     0.21985  0.68205  2.22   16603   11324   51506    65638   3.95
  2016        95-99     0.35664  0.85258  1.94    5279    4501   12619    14131   2.68
  2016       100-104    0.50711  0.93673  1.63     778     729    1437     1512   1.94
  2016       105-109    0.65782  0.97277  1.38      49      48      73       75   1.51
  2016       110+       0.76921  1.00000  1.30       1       1       2        2   1.30
  2017           0      0.00750  0.00745  0.13  100000     745   99355  7710187  77.10
  2017         1-4      0.00025  0.00099  1.62   99255      98  396785  7610833  76.68
  2017         5-9      0.00012  0.00058  2.49   99156      58  495638  7214048  72.75
  2017        10-14     0.00016  0.00078  2.80   99099      78  495323  6718410  67.80
  2017        15-19     0.00060  0.00301  2.93   99021     298  494490  6223087  62.85
  2017        20-24     0.00094  0.00468  2.52   98723     462  492468  5728597  58.03
  2017        25-29     0.00108  0.00537  2.62   98261     528  490050  5236129  53.29
  2017        30-34     0.00127  0.00635  2.64   97733     621  487198  4746079  48.56
  2017        35-39     0.00157  0.00783  2.64   97112     760  483767  4258881  43.86
  2017        40-44     0.00220  0.01096  2.80   96352    1056  479432  3775114  39.18
  2017        45-49     0.00312  0.01548  2.63   95296    1475  472988  3295683  34.58
  2017        50-54     0.00470  0.02322  2.65   93820    2179  463992  2822695  30.09
  2017        55-59     0.00740  0.03636  2.66   91642    3332  450418  2358703  25.74
  2017        60-64     0.01112  0.05418  2.64   88309    4785  430267  1908285  21.61
  2017        65-69     0.01739  0.08357  2.66   83525    6980  401323  1478019  17.70
  2017        70-74     0.02796  0.13113  2.63   76545   10038  358948  1076696  14.07
  2017        75-79     0.04540  0.20458  2.59   66507   13606  299678   717748  10.79
  2017        80-84     0.07404  0.31343  2.55   52901   16581  223951   418069   7.90
  2017        85-89     0.15023  0.54928  2.55   36320   19950  132794   194118   5.34
  2017        90-94     0.23495  0.70814  2.20   16370   11592   49340    61324   3.75
  2017        95-99     0.38329  0.87432  1.89    4778    4177   10899    11984   2.51
  2017       100-104    0.54700  0.95013  1.57     600     571    1043     1085   1.81
  2017       105-109    0.70329  0.97914  1.32      30      29      42       42   1.42
  2017       110+       0.81230  1.00000  1.23       1       1       1        1   1.23
