Germany, Life tables (period 5x1), Males	Last modified: 17 Dec 2018;  Methods Protocol: v6 (2017)

  Year          Age         mx       qx    ax      lx      dx      Lx       Tx     ex
  1990           0      0.00808  0.00803  0.13  100000     803   99304  7191126  71.91
  1990         1-4      0.00047  0.00186  1.69   99197     185  396361  7091822  71.49
  1990         5-9      0.00024  0.00122  2.35   99012     121  494741  6695460  67.62
  1990        10-14     0.00025  0.00123  2.74   98892     122  494183  6200719  62.70
  1990        15-19     0.00078  0.00391  3.03   98770     387  493087  5706536  57.78
  1990        20-24     0.00110  0.00548  2.43   98383     539  490533  5213449  52.99
  1990        25-29     0.00113  0.00565  2.56   97844     553  487872  4722916  48.27
  1990        30-34     0.00147  0.00734  2.63   97291     715  484762  4235044  43.53
  1990        35-39     0.00203  0.01011  2.63   96577     977  480569  3750282  38.83
  1990        40-44     0.00286  0.01422  2.65   95600    1359  474809  3269713  34.20
  1990        45-49     0.00470  0.02324  2.65   94241    2190  466065  2794904  29.66
  1990        50-54     0.00762  0.03745  2.68   92051    3447  452242  2328839  25.30
  1990        55-59     0.01267  0.06151  2.66   88604    5450  430282  1876597  21.18
  1990        60-64     0.01976  0.09433  2.61   83154    7844  396996  1446315  17.39
  1990        65-69     0.03080  0.14348  2.62   75310   10806  350847  1049318  13.93
  1990        70-74     0.04837  0.21614  2.54   64504   13942  288211   698471  10.83
  1990        75-79     0.07966  0.33300  2.54   50563   16837  211351   410259   8.11
  1990        80-84     0.13143  0.49098  2.42   33725   16558  125987   198908   5.90
  1990        85-89     0.20581  0.65657  2.24   17167   11271   54766    72922   4.25
  1990        90-94     0.30506  0.80098  2.04    5896    4722   15480    18156   3.08
  1990        95-99     0.42769  0.89885  1.78    1173    1055    2466     2676   2.28
  1990       100-104    0.55939  0.95149  1.53     119     113     202      210   1.77
  1990       105-109    0.68435  0.97585  1.34       6       6       8        8   1.46
  1990       110+       0.77607  1.00000  1.29       0       0       0        0   1.29
  1991           0      0.00727  0.00723  0.13  100000     723   99375  7209448  72.09
  1991         1-4      0.00045  0.00179  1.66   99277     178  396692  7110074  71.62
  1991         5-9      0.00022  0.00109  2.36   99099     109  495208  6713382  67.74
  1991        10-14     0.00021  0.00105  2.66   98990     104  494708  6218174  62.82
  1991        15-19     0.00081  0.00406  3.00   98886     402  493631  5723466  57.88
  1991        20-24     0.00114  0.00567  2.49   98485     558  491023  5229835  53.10
  1991        25-29     0.00121  0.00602  2.57   97926     590  488197  4738813  48.39
  1991        30-34     0.00152  0.00755  2.60   97337     735  484921  4250615  43.67
  1991        35-39     0.00213  0.01057  2.63   96602    1021  480584  3765694  38.98
  1991        40-44     0.00301  0.01493  2.63   95580    1427  474522  3285110  34.37
  1991        45-49     0.00471  0.02331  2.68   94153    2194  465679  2810588  29.85
  1991        50-54     0.00750  0.03685  2.66   91959    3389  451864  2344910  25.50
  1991        55-59     0.01226  0.05962  2.68   88570    5281  430621  1893045  21.37
  1991        60-64     0.01982  0.09464  2.61   83289    7883  397642  1462424  17.56
  1991        65-69     0.02984  0.13929  2.62   75407   10503  352009  1064783  14.12
  1991        70-74     0.04743  0.21264  2.57   64903   13801  290962   712774  10.98
  1991        75-79     0.07725  0.32486  2.55   51102   16601  214915   421813   8.25
  1991        80-84     0.12790  0.48199  2.45   34501   16629  130019   206898   6.00
  1991        85-89     0.20282  0.65158  2.26   17872   11645   57416    76879   4.30
  1991        90-94     0.29929  0.79419  2.05    6227    4945   16523    19463   3.13
  1991        95-99     0.42499  0.89748  1.78    1282    1150    2706     2940   2.29
  1991       100-104    0.55823  0.95127  1.54     131     125     224      233   1.78
  1991       105-109    0.68474  0.97595  1.34       6       6       9        9   1.46
  1991       110+       0.77744  1.00000  1.29       0       0       0        0   1.29
  1992           0      0.00679  0.00675  0.14  100000     675   99417  7252904  72.53
  1992         1-4      0.00039  0.00156  1.69   99325     155  396942  7153487  72.02
  1992         5-9      0.00020  0.00099  2.37   99170      98  495592  6756545  68.13
  1992        10-14     0.00020  0.00098  2.69   99072      97  495134  6260953  63.20
  1992        15-19     0.00076  0.00379  3.11   98974     375  494164  5765818  58.26
  1992        20-24     0.00110  0.00548  2.44   98600     540  491614  5271654  53.47
  1992        25-29     0.00113  0.00564  2.55   98060     553  488945  4780041  48.75
  1992        30-34     0.00148  0.00737  2.63   97506     719  485832  4291096  44.01
  1992        35-39     0.00207  0.01032  2.65   96788     999  481593  3805264  39.32
  1992        40-44     0.00298  0.01481  2.62   95789    1418  475575  3323671  34.70
  1992        45-49     0.00454  0.02244  2.67   94371    2118  466929  2848096  30.18
  1992        50-54     0.00726  0.03569  2.65   92253    3292  453524  2381168  25.81
  1992        55-59     0.01192  0.05800  2.69   88961    5160  432894  1927644  21.67
  1992        60-64     0.01936  0.09258  2.64   83801    7758  400677  1494749  17.84
  1992        65-69     0.02884  0.13496  2.63   76042   10263  355854  1094072  14.39
  1992        70-74     0.04609  0.20726  2.57   65779   13633  295798   738218  11.22
  1992        75-79     0.07449  0.31470  2.54   52146   16410  220305   442420   8.48
  1992        80-84     0.12145  0.46345  2.45   35736   16562  136365   222115   6.22
  1992        85-89     0.19174  0.63014  2.28   19174   12082   63014    85750   4.47
  1992        90-94     0.29142  0.78509  2.06    7092    5568   19106    22735   3.21
  1992        95-99     0.40799  0.88719  1.82    1524    1352    3314     3629   2.38
  1992       100-104    0.53978  0.94591  1.57     172     163     301      315   1.83
  1992       105-109    0.66731  0.97346  1.36       9       9      14       14   1.49
  1992       110+       0.76219  1.00000  1.31       0       0       0        0   1.31
  1993           0      0.00650  0.00646  0.14  100000     646   99442  7263410  72.63
  1993         1-4      0.00037  0.00149  1.69   99354     148  397073  7163968  72.11
  1993         5-9      0.00020  0.00097  2.40   99206      97  495777  6766895  68.21
  1993        10-14     0.00021  0.00104  2.73   99109     103  495311  6271118  63.28
  1993        15-19     0.00075  0.00376  3.07   99006     373  494312  5775807  58.34
  1993        20-24     0.00107  0.00533  2.46   98634     526  491831  5281495  53.55
  1993        25-29     0.00103  0.00516  2.55   98108     506  489299  4789664  48.82
  1993        30-34     0.00139  0.00693  2.65   97602     677  486419  4300364  44.06
  1993        35-39     0.00204  0.01017  2.69   96925     986  482349  3813946  39.35
  1993        40-44     0.00292  0.01450  2.64   95940    1391  476417  3331597  34.73
  1993        45-49     0.00454  0.02248  2.71   94548    2126  467880  2855180  30.20
  1993        50-54     0.00718  0.03532  2.67   92423    3264  454510  2387300  25.83
  1993        55-59     0.01159  0.05646  2.70   89158    5034  434197  1932790  21.68
  1993        60-64     0.01924  0.09206  2.66   84124    7745  402464  1498593  17.81
  1993        65-69     0.02910  0.13604  2.61   76379   10390  357070  1096130  14.35
  1993        70-74     0.04646  0.20887  2.59   65989   13783  296663   739059  11.20
  1993        75-79     0.07387  0.31278  2.55   52206   16329  221041   442397   8.47
  1993        80-84     0.12169  0.46453  2.45   35877   16666  136949   221356   6.17
  1993        85-89     0.19560  0.63798  2.28   19211   12256   62658    84407   4.39
  1993        90-94     0.29943  0.79519  2.05    6955    5530   18470    21749   3.13
  1993        95-99     0.42314  0.89681  1.79    1424    1277    3019     3279   2.30
  1993       100-104    0.56025  0.95205  1.53     147     140     250      260   1.77
  1993       105-109    0.69001  0.97676  1.33       7       7      10       10   1.45
  1993       110+       0.78432  1.00000  1.27       0       0       0        0   1.27
  1994           0      0.00611  0.00608  0.14  100000     608   99476  7294748  72.95
  1994         1-4      0.00036  0.00144  1.66   99392     143  397234  7195272  72.39
  1994         5-9      0.00018  0.00091  2.37   99249      91  496008  6798038  68.49
  1994        10-14     0.00019  0.00095  2.64   99158      94  495570  6302031  63.56
  1994        15-19     0.00078  0.00390  3.03   99064     386  494560  5806461  58.61
  1994        20-24     0.00104  0.00516  2.45   98678     509  492090  5311901  53.83
  1994        25-29     0.00103  0.00512  2.54   98169     502  489606  4819811  49.10
  1994        30-34     0.00138  0.00688  2.65   97666     672  486752  4330205  44.34
  1994        35-39     0.00201  0.01001  2.63   96994     971  482667  3843454  39.63
  1994        40-44     0.00299  0.01487  2.62   96023    1428  476723  3360786  35.00
  1994        45-49     0.00446  0.02208  2.69   94595    2089  468144  2884064  30.49
  1994        50-54     0.00702  0.03452  2.66   92506    3193  455072  2415920  26.12
  1994        55-59     0.01125  0.05480  2.68   89313    4895  435216  1960848  21.95
  1994        60-64     0.01853  0.08885  2.68   84418    7501  404689  1525632  18.07
  1994        65-69     0.02858  0.13372  2.60   76918   10286  359861  1120943  14.57
  1994        70-74     0.04560  0.20580  2.64   66632   13713  300730   761082  11.42
  1994        75-79     0.06989  0.29933  2.60   52919   15840  226655   460351   8.70
  1994        80-84     0.11781  0.45337  2.46   37079   16811  142688   233696   6.30
  1994        85-89     0.19056  0.62838  2.29   20268   12736   66837    91008   4.49
  1994        90-94     0.29023  0.78472  2.07    7532    5911   20365    24171   3.21
  1994        95-99     0.41421  0.89153  1.81    1622    1446    3490     3806   2.35
  1994       100-104    0.55099  0.94949  1.55     176     167     303      316   1.80
  1994       105-109    0.68172  0.97565  1.34       9       9      13       13   1.46
  1994       110+       0.77742  1.00000  1.29       0       0       0        0   1.29
  1995           0      0.00593  0.00590  0.14  100000     590   99492  7311986  73.12
  1995         1-4      0.00036  0.00142  1.60   99410     142  397303  7212495  72.55
  1995         5-9      0.00016  0.00082  2.32   99269      81  496126  6815192  68.65
  1995        10-14     0.00018  0.00090  2.80   99188      89  495741  6319066  63.71
  1995        15-19     0.00077  0.00383  3.09   99098     379  494768  5823325  58.76
  1995        20-24     0.00103  0.00514  2.48   98719     507  492315  5328557  53.98
  1995        25-29     0.00100  0.00497  2.59   98212     488  489882  4836241  49.24
  1995        30-34     0.00128  0.00637  2.63   97724     622  487145  4346360  44.48
  1995        35-39     0.00196  0.00973  2.68   97102     945  483311  3859215  39.74
  1995        40-44     0.00297  0.01475  2.67   96157    1418  477476  3375903  35.11
  1995        45-49     0.00435  0.02153  2.68   94739    2040  468957  2898427  30.59
  1995        50-54     0.00687  0.03379  2.64   92699    3132  456101  2429471  26.21
  1995        55-59     0.01092  0.05323  2.67   89567    4768  436745  1973370  22.03
  1995        60-64     0.01813  0.08695  2.66   84800    7373  406774  1536624  18.12
  1995        65-69     0.02860  0.13379  2.60   77427   10359  362267  1129851  14.59
  1995        70-74     0.04452  0.20113  2.60   67067   13490  303016   767583  11.44
  1995        75-79     0.07073  0.30076  2.51   53578   16114  227813   464567   8.67
  1995        80-84     0.11767  0.45229  2.44   37464   16944  143997   236754   6.32
  1995        85-89     0.18767  0.62414  2.32   20519   12807   68243    92757   4.52
  1995        90-94     0.29403  0.78902  2.06    7712    6085   20696    24514   3.18
  1995        95-99     0.41426  0.89162  1.81    1627    1451    3502     3819   2.35
  1995       100-104    0.55163  0.94971  1.55     176     167     304      317   1.80
  1995       105-109    0.68281  0.97582  1.34       9       9      13       13   1.46
  1995       110+       0.77871  1.00000  1.28       0       0       0        0   1.28
  1996           0      0.00569  0.00567  0.14  100000     567   99512  7342146  73.42
  1996         1-4      0.00029  0.00116  1.57   99433     116  397453  7242635  72.84
  1996         5-9      0.00015  0.00077  2.30   99318      76  496382  6845182  68.92
  1996        10-14     0.00018  0.00089  2.78   99241      88  496012  6348800  63.97
  1996        15-19     0.00073  0.00364  3.07   99153     361  495070  5852788  59.03
  1996        20-24     0.00102  0.00508  2.45   98792     502  492680  5357717  54.23
  1996        25-29     0.00098  0.00490  2.57   98290     482  490282  4865037  49.50
  1996        30-34     0.00125  0.00622  2.63   97809     608  487604  4374755  44.73
  1996        35-39     0.00179  0.00894  2.65   97200     869  483960  3887151  39.99
  1996        40-44     0.00283  0.01408  2.68   96332    1356  478519  3403191  35.33
  1996        45-49     0.00426  0.02110  2.65   94976    2004  470172  2924672  30.79
  1996        50-54     0.00682  0.03357  2.65   92971    3121  457537  2454500  26.40
  1996        55-59     0.01055  0.05149  2.68   89850    4627  438506  1996963  22.23
  1996        60-64     0.01761  0.08458  2.65   85224    7208  409213  1558458  18.29
  1996        65-69     0.02808  0.13151  2.60   78015   10260  365413  1149244  14.73
  1996        70-74     0.04328  0.19615  2.62   67756   13291  307107   783832  11.57
  1996        75-79     0.06952  0.29666  2.53   54465   16158  232404   476724   8.75
  1996        80-84     0.11554  0.44699  2.47   38308   17123  148202   244320   6.38
  1996        85-89     0.18722  0.62246  2.31   21184   13186   70434    96119   4.54
  1996        90-94     0.28999  0.78522  2.08    7998    6280   21656    25684   3.21
  1996        95-99     0.41458  0.89196  1.81    1718    1532    3696     4028   2.34
  1996       100-104    0.55340  0.95029  1.55     186     176     319      332   1.79
  1996       105-109    0.68567  0.97624  1.34       9       9      13       13   1.45
  1996       110+       0.78200  1.00000  1.28       0       0       0        0   1.28
  1997           0      0.00540  0.00538  0.14  100000     538   99537  7388046  73.88
  1997         1-4      0.00032  0.00126  1.63   99462     126  397551  7288510  73.28
  1997         5-9      0.00016  0.00078  2.50   99337      77  496491  6890959  69.37
  1997        10-14     0.00016  0.00080  2.79   99259      80  496121  6394468  64.42
  1997        15-19     0.00076  0.00379  3.15   99180     376  495203  5898346  59.47
  1997        20-24     0.00096  0.00479  2.46   98804     473  492818  5403143  54.69
  1997        25-29     0.00093  0.00463  2.53   98331     455  490532  4910325  49.94
  1997        30-34     0.00114  0.00567  2.61   97876     555  488053  4419794  45.16
  1997        35-39     0.00170  0.00845  2.67   97321     822  484690  3931741  40.40
  1997        40-44     0.00273  0.01354  2.70   96499    1307  479488  3447051  35.72
  1997        45-49     0.00419  0.02073  2.62   95192    1974  471255  2967563  31.17
  1997        50-54     0.00656  0.03232  2.66   93218    3013  459047  2496308  26.78
  1997        55-59     0.01006  0.04916  2.66   90205    4434  440672  2037261  22.58
  1997        60-64     0.01665  0.08015  2.66   85771    6874  412795  1596589  18.61
  1997        65-69     0.02718  0.12766  2.63   78897   10072  370614  1183794  15.00
  1997        70-74     0.04143  0.18843  2.60   68825   12969  313006   813181  11.82
  1997        75-79     0.06701  0.28738  2.52   55857   16052  239531   500174   8.95
  1997        80-84     0.11094  0.43311  2.47   39805   17240  155401   260644   6.55
  1997        85-89     0.17985  0.60748  2.33   22565   13708   76217   105242   4.66
  1997        90-94     0.28302  0.77762  2.10    8857    6888   24336    29025   3.28
  1997        95-99     0.40764  0.88788  1.82    1970    1749    4290     4689   2.38
  1997       100-104    0.54800  0.94888  1.56     221     210     382      399   1.81
  1997       105-109    0.68246  0.97587  1.34      11      11      16       16   1.46
  1997       110+       0.78052  1.00000  1.28       0       0       0        0   1.28
  1998           0      0.00512  0.00509  0.14  100000     509   99561  7431573  74.32
  1998         1-4      0.00028  0.00114  1.56   99491     113  397686  7332011  73.70
  1998         5-9      0.00013  0.00066  2.40   99377      66  496716  6934326  69.78
  1998        10-14     0.00018  0.00087  2.83   99311      87  496368  6437610  64.82
  1998        15-19     0.00066  0.00331  3.10   99225     329  495498  5941242  59.88
  1998        20-24     0.00093  0.00461  2.40   98896     456  493292  5445743  55.07
  1998        25-29     0.00084  0.00420  2.55   98439     413  491185  4952451  50.31
  1998        30-34     0.00102  0.00511  2.65   98026     501  488953  4461267  45.51
  1998        35-39     0.00156  0.00775  2.70   97526     756  485891  3972313  40.73
  1998        40-44     0.00264  0.01314  2.66   96770    1271  480879  3486423  36.03
  1998        45-49     0.00404  0.02003  2.66   95498    1913  473007  3005544  31.47
  1998        50-54     0.00623  0.03071  2.69   93585    2874  461288  2532537  27.06
  1998        55-59     0.00975  0.04766  2.67   90711    4324  443460  2071249  22.83
  1998        60-64     0.01589  0.07664  2.68   86387    6620  416555  1627788  18.84
  1998        65-69     0.02617  0.12327  2.65   79767    9833  375703  1211234  15.18
  1998        70-74     0.04040  0.18415  2.60   69934   12878  318736   835530  11.95
  1998        75-79     0.06567  0.28264  2.54   57056   16127  245554   516794   9.06
  1998        80-84     0.10823  0.42600  2.50   40929   17436  161104   271240   6.63
  1998        85-89     0.17795  0.60355  2.34   23493   14179   79683   110137   4.69
  1998        90-94     0.28328  0.77690  2.09    9314    7236   25543    30454   3.27
  1998        95-99     0.41078  0.89016  1.82    2078    1850    4503     4911   2.36
  1998       100-104    0.55447  0.95089  1.55     228     217     391      408   1.79
  1998       105-109    0.69105  0.97708  1.33      11      11      16       16   1.44
  1998       110+       0.78957  1.00000  1.27       0       0       0        0   1.27
  1999           0      0.00495  0.00493  0.14  100000     493   99576  7457720  74.58
  1999         1-4      0.00029  0.00115  1.67   99507     114  397764  7358144  73.95
  1999         5-9      0.00015  0.00073  2.47   99393      73  496782  6960379  70.03
  1999        10-14     0.00017  0.00087  2.79   99321      86  496413  6463597  65.08
  1999        15-19     0.00068  0.00341  3.07   99234     339  495517  5967184  60.13
  1999        20-24     0.00096  0.00479  2.48   98896     474  493284  5471667  55.33
  1999        25-29     0.00087  0.00434  2.51   98422     427  491045  4978383  50.58
  1999        30-34     0.00096  0.00481  2.59   97995     472  488839  4487339  45.79
  1999        35-39     0.00152  0.00758  2.71   97523     739  485926  3998500  41.00
  1999        40-44     0.00254  0.01262  2.70   96784    1222  481114  3512574  36.29
  1999        45-49     0.00400  0.01982  2.64   95562    1894  473342  3031459  31.72
  1999        50-54     0.00614  0.03025  2.66   93668    2834  461710  2558117  27.31
  1999        55-59     0.00942  0.04608  2.64   90835    4185  444310  2096407  23.08
  1999        60-64     0.01523  0.07355  2.68   86650    6373  418464  1652097  19.07
  1999        65-69     0.02527  0.11932  2.67   80276    9579  379033  1233633  15.37
  1999        70-74     0.03956  0.18060  2.60   70697   12768  322782   854600  12.09
  1999        75-79     0.06487  0.28094  2.62   57929   16275  250862   531818   9.18
  1999        80-84     0.10517  0.41808  2.55   41655   17415  165594   280957   6.74
  1999        85-89     0.17366  0.59451  2.35   24240   14411   82983   115363   4.76
  1999        90-94     0.28000  0.77348  2.11    9829    7603   27152    32380   3.29
  1999        95-99     0.41353  0.89229  1.81    2227    1987    4804     5227   2.35
  1999       100-104    0.56156  0.95305  1.53     240     229     407      423   1.76
  1999       105-109    0.70099  0.97843  1.32      11      11      16       16   1.42
  1999       110+       0.80019  1.00000  1.25       0       0       0        0   1.25
  2000           0      0.00485  0.00483  0.14  100000     483   99584  7485986  74.86
  2000         1-4      0.00027  0.00107  1.57   99517     107  397807  7386402  74.22
  2000         5-9      0.00013  0.00066  2.52   99410      66  496886  6988595  70.30
  2000        10-14     0.00015  0.00075  2.69   99344      74  496550  6491709  65.35
  2000        15-19     0.00063  0.00312  3.11   99270     310  495764  5995159  60.39
  2000        20-24     0.00093  0.00464  2.42   98960     459  493613  5499394  55.57
  2000        25-29     0.00085  0.00424  2.52   98501     417  491467  5005781  50.82
  2000        30-34     0.00097  0.00486  2.61   98083     477  489279  4514314  46.03
  2000        35-39     0.00144  0.00719  2.70   97607     702  486417  4025035  41.24
  2000        40-44     0.00251  0.01250  2.70   96905    1211  481739  3538617  36.52
  2000        45-49     0.00401  0.01987  2.68   95693    1901  474047  3056879  31.94
  2000        50-54     0.00605  0.02983  2.67   93792    2798  462449  2582832  27.54
  2000        55-59     0.00939  0.04592  2.64   90994    4178  445117  2120383  23.30
  2000        60-64     0.01474  0.07121  2.64   86816    6182  419486  1675266  19.30
  2000        65-69     0.02447  0.11565  2.63   80634    9325  381069  1255780  15.57
  2000        70-74     0.03866  0.17674  2.58   71308   12603  325996   874711  12.27
  2000        75-79     0.06142  0.26752  2.59   58705   15705  255704   548714   9.35
  2000        80-84     0.10279  0.40822  2.48   43000   17553  170775   293010   6.81
  2000        85-89     0.17232  0.59056  2.34   25447   15028   87210   122235   4.80
  2000        90-94     0.27394  0.76473  2.11   10419    7968   29085    35025   3.36
  2000        95-99     0.39959  0.88303  1.84    2451    2165    5417     5940   2.42
  2000       100-104    0.54256  0.94749  1.57     287     272     501      523   1.82
  2000       105-109    0.68026  0.97566  1.35      15      15      22       22   1.47
  2000       110+       0.78063  1.00000  1.28       0       0       0        0   1.28
  2001           0      0.00471  0.00469  0.14  100000     469   99597  7528040  75.28
  2001         1-4      0.00028  0.00113  1.60   99531     112  397854  7428443  74.63
  2001         5-9      0.00012  0.00061  2.51   99419      61  496942  7030589  70.72
  2001        10-14     0.00016  0.00080  2.84   99358      80  496618  6533647  65.76
  2001        15-19     0.00059  0.00294  3.10   99278     292  495837  6037029  60.81
  2001        20-24     0.00086  0.00431  2.42   98986     427  493827  5541192  55.98
  2001        25-29     0.00077  0.00382  2.51   98559     377  491858  5047365  51.21
  2001        30-34     0.00091  0.00455  2.59   98182     447  489837  4555506  46.40
  2001        35-39     0.00139  0.00693  2.69   97736     678  487113  4065670  41.60
  2001        40-44     0.00236  0.01171  2.70   97058    1137  482679  3578557  36.87
  2001        45-49     0.00394  0.01950  2.66   95921    1871  475222  3095878  32.28
  2001        50-54     0.00589  0.02903  2.66   94050    2730  463871  2620656  27.86
  2001        55-59     0.00926  0.04534  2.66   91320    4140  446913  2156785  23.62
  2001        60-64     0.01422  0.06880  2.65   87179    5998  421831  1709873  19.61
  2001        65-69     0.02314  0.10974  2.66   81182    8909  385082  1288042  15.87
  2001        70-74     0.03747  0.17180  2.59   72273   12416  331406   902959  12.49
  2001        75-79     0.05929  0.25936  2.59   59856   15525  261853   571554   9.55
  2001        80-84     0.09895  0.39609  2.48   44332   17559  177453   309700   6.99
  2001        85-89     0.16586  0.57728  2.37   26773   15455   93182   132247   4.94
  2001        90-94     0.26502  0.75393  2.14   11317    8532   32196    39065   3.45
  2001        95-99     0.39173  0.87784  1.86    2785    2445    6241     6869   2.47
  2001       100-104    0.53487  0.94521  1.58     340     322     601      629   1.85
  2001       105-109    0.67388  0.97479  1.35      19      18      27       28   1.48
  2001       110+       0.77576  1.00000  1.29       0       0       1        1   1.29
  2002           0      0.00447  0.00446  0.14  100000     446   99617  7544221  75.44
  2002         1-4      0.00023  0.00091  1.52   99554      91  397992  7444604  74.78
  2002         5-9      0.00011  0.00057  2.24   99464      57  497160  7046612  70.85
  2002        10-14     0.00014  0.00072  2.67   99407      72  496866  6549452  65.89
  2002        15-19     0.00060  0.00302  3.08   99335     300  496098  6052586  60.93
  2002        20-24     0.00083  0.00413  2.45   99035     409  494135  5556488  56.11
  2002        25-29     0.00074  0.00370  2.56   98626     365  492241  5062353  51.33
  2002        30-34     0.00087  0.00436  2.62   98261     428  490288  4570112  46.51
  2002        35-39     0.00133  0.00664  2.71   97833     650  487679  4079824  41.70
  2002        40-44     0.00231  0.01148  2.71   97183    1116  483361  3592145  36.96
  2002        45-49     0.00394  0.01950  2.67   96068    1874  475963  3108783  32.36
  2002        50-54     0.00598  0.02947  2.65   94194    2776  464436  2632821  27.95
  2002        55-59     0.00911  0.04462  2.66   91418    4079  447524  2168385  23.72
  2002        60-64     0.01388  0.06721  2.65   87339    5870  422877  1720861  19.70
  2002        65-69     0.02256  0.10714  2.65   81469    8729  386831  1297984  15.93
  2002        70-74     0.03713  0.17056  2.62   72740   12407  334122   911153  12.53
  2002        75-79     0.05829  0.25547  2.58   60333   15413  264432   577031   9.56
  2002        80-84     0.09910  0.39666  2.49   44920   17818  179800   312599   6.96
  2002        85-89     0.16727  0.58025  2.36   27102   15726   94017   132799   4.90
  2002        90-94     0.26913  0.76014  2.14   11376    8647   32131    38781   3.41
  2002        95-99     0.39692  0.88154  1.85    2729    2405    6060     6650   2.44
  2002       100-104    0.54217  0.94752  1.57     323     306     565      590   1.82
  2002       105-109    0.68206  0.97597  1.34      17      17      24       25   1.46
  2002       110+       0.78365  1.00000  1.28       0       0       1        1   1.28
  2003           0      0.00465  0.00463  0.14  100000     463   99601  7551634  75.52
  2003         1-4      0.00025  0.00098  1.59   99537      98  397911  7452032  74.87
  2003         5-9      0.00013  0.00067  2.45   99439      67  497024  7054121  70.94
  2003        10-14     0.00015  0.00075  2.81   99372      75  496696  6557097  65.99
  2003        15-19     0.00055  0.00275  3.03   99297     273  495950  6060400  61.03
  2003        20-24     0.00078  0.00391  2.46   99024     387  494141  5564450  56.19
  2003        25-29     0.00078  0.00390  2.45   98638     385  492204  5070310  51.40
  2003        30-34     0.00088  0.00437  2.62   98253     429  490241  4578106  46.60
  2003        35-39     0.00130  0.00648  2.68   97823     634  487643  4087865  41.79
  2003        40-44     0.00224  0.01112  2.72   97190    1081  483485  3600221  37.04
  2003        45-49     0.00389  0.01929  2.68   96109    1854  476246  3116737  32.43
  2003        50-54     0.00593  0.02926  2.65   94255    2758  464781  2640491  28.01
  2003        55-59     0.00905  0.04429  2.67   91496    4053  448048  2175710  23.78
  2003        60-64     0.01364  0.06610  2.66   87444    5780  423672  1727662  19.76
  2003        65-69     0.02220  0.10554  2.66   81664    8619  388147  1303990  15.97
  2003        70-74     0.03671  0.16888  2.64   73045   12336  336056   915843  12.54
  2003        75-79     0.05849  0.25614  2.58   60709   15550  265861   579787   9.55
  2003        80-84     0.09901  0.39634  2.48   45159   17898  180774   313927   6.95
  2003        85-89     0.16727  0.58251  2.39   27261   15879   94933   133153   4.88
  2003        90-94     0.27354  0.76423  2.11   11381    8698   31798    38220   3.36
  2003        95-99     0.40478  0.88696  1.83    2683    2380    5880     6422   2.39
  2003       100-104    0.55338  0.95090  1.55     303     288     521      543   1.79
  2003       105-109    0.69462  0.97768  1.33      15      15      21       21   1.44
  2003       110+       0.79567  1.00000  1.26       0       0       0        0   1.26
  2004           0      0.00451  0.00449  0.14  100000     449   99614  7615116  76.15
  2004         1-4      0.00022  0.00087  1.54   99551      87  397990  7515502  75.49
  2004         5-9      0.00011  0.00053  2.39   99464      53  497183  7117511  71.56
  2004        10-14     0.00012  0.00061  2.76   99411      61  496921  6620328  66.60
  2004        15-19     0.00050  0.00250  3.08   99351     249  496276  6123407  61.63
  2004        20-24     0.00071  0.00355  2.50   99102     352  494632  5627131  56.78
  2004        25-29     0.00070  0.00351  2.47   98750     347  492871  5132499  51.97
  2004        30-34     0.00083  0.00414  2.64   98403     408  491055  4639629  47.15
  2004        35-39     0.00123  0.00614  2.68   97995     601  488584  4148574  42.33
  2004        40-44     0.00216  0.01075  2.74   97394    1047  484600  3659989  37.58
  2004        45-49     0.00364  0.01807  2.69   96347    1741  477720  3175389  32.96
  2004        50-54     0.00578  0.02851  2.66   94606    2697  466728  2697669  28.51
  2004        55-59     0.00862  0.04224  2.66   91910    3882  450468  2230941  24.27
  2004        60-64     0.01319  0.06396  2.63   88027    5630  426806  1780473  20.23
  2004        65-69     0.02082  0.09924  2.66   82397    8177  392819  1353667  16.43
  2004        70-74     0.03427  0.15852  2.64   74220   11765  343356   960848  12.95
  2004        75-79     0.05559  0.24488  2.57   62455   15294  275148   617492   9.89
  2004        80-84     0.09473  0.38495  2.57   47161   18155  191646   342344   7.26
  2004        85-89     0.15286  0.54976  2.45   29006   15947  104324   150698   5.20
  2004        90-94     0.25577  0.74078  2.16   13060    9674   37825    46375   3.55
  2004        95-99     0.38143  0.87092  1.88    3385    2948    7730     8549   2.53
  2004       100-104    0.52676  0.94285  1.60     437     412     782      819   1.88
  2004       105-109    0.66913  0.97421  1.36      25      24      36       37   1.49
  2004       110+       0.77371  1.00000  1.29       1       1       1        1   1.29
  2005           0      0.00431  0.00429  0.14  100000     429   99631  7635944  76.36
  2005         1-4      0.00023  0.00091  1.66   99571      91  398071  7536312  75.69
  2005         5-9      0.00012  0.00058  2.45   99480      57  497255  7138241  71.76
  2005        10-14     0.00013  0.00063  2.88   99423      63  496980  6640987  66.80
  2005        15-19     0.00044  0.00222  3.01   99360     221  496360  6144006  61.84
  2005        20-24     0.00066  0.00330  2.51   99139     327  494879  5647646  56.97
  2005        25-29     0.00069  0.00346  2.54   98812     342  493219  5152768  52.15
  2005        30-34     0.00081  0.00403  2.61   98470     397  491404  4659549  47.32
  2005        35-39     0.00114  0.00568  2.69   98073     557  489081  4168145  42.50
  2005        40-44     0.00202  0.01004  2.73   97517     979  485359  3679064  37.73
  2005        45-49     0.00356  0.01765  2.70   96538    1704  478777  3193705  33.08
  2005        50-54     0.00577  0.02849  2.67   94834    2701  467877  2714928  28.63
  2005        55-59     0.00860  0.04212  2.62   92132    3881  451431  2247051  24.39
  2005        60-64     0.01298  0.06294  2.63   88251    5555  428074  1795619  20.35
  2005        65-69     0.02014  0.09613  2.64   82696    7950  394699  1367546  16.54
  2005        70-74     0.03321  0.15392  2.63   74747   11505  346445   972847  13.02
  2005        75-79     0.05511  0.24309  2.58   63242   15373  278940   626402   9.90
  2005        80-84     0.09282  0.37794  2.54   47868   18091  194911   347462   7.26
  2005        85-89     0.15534  0.55155  2.37   29777   16423  105728   152551   5.12
  2005        90-94     0.25920  0.74312  2.13   13354    9923   38284    46823   3.51
  2005        95-99     0.38747  0.87549  1.87    3430    3003    7751     8539   2.49
  2005       100-104    0.53568  0.94581  1.58     427     404     754      788   1.85
  2005       105-109    0.67941  0.97572  1.35      23      23      33       34   1.47
  2005       110+       0.78374  1.00000  1.28       1       1       1        1   1.28
  2006           0      0.00411  0.00409  0.14  100000     409   99649  7675432  76.75
  2006         1-4      0.00021  0.00083  1.61   99591      83  398166  7575784  76.07
  2006         5-9      0.00011  0.00054  2.41   99508      54  497402  7177618  72.13
  2006        10-14     0.00012  0.00058  2.78   99455      57  497145  6680215  67.17
  2006        15-19     0.00043  0.00216  3.05   99397     215  496567  6183070  62.21
  2006        20-24     0.00062  0.00309  2.46   99182     306  495135  5686502  57.33
  2006        25-29     0.00063  0.00314  2.47   98876     311  493596  5191368  52.50
  2006        30-34     0.00075  0.00375  2.62   98565     370  491947  4697772  47.66
  2006        35-39     0.00111  0.00554  2.71   98196     544  489734  4205825  42.83
  2006        40-44     0.00194  0.00965  2.74   97651     942  486131  3716092  38.05
  2006        45-49     0.00339  0.01684  2.72   96709    1629  479828  3229960  33.40
  2006        50-54     0.00563  0.02780  2.67   95080    2643  469235  2750133  28.92
  2006        55-59     0.00844  0.04136  2.66   92437    3824  453221  2280898  24.68
  2006        60-64     0.01269  0.06162  2.63   88614    5461  430138  1827677  20.63
  2006        65-69     0.01930  0.09231  2.64   83153    7675  397680  1397539  16.81
  2006        70-74     0.03195  0.14859  2.65   75478   11215  350991   999859  13.25
  2006        75-79     0.05305  0.23510  2.58   64262   15108  284789   648867  10.10
  2006        80-84     0.08980  0.36817  2.56   49154   18097  201531   364078   7.41
  2006        85-89     0.15099  0.54206  2.40   31057   16835  111497   162547   5.23
  2006        90-94     0.25211  0.73641  2.18   14222   10474   41543    51050   3.59
  2006        95-99     0.37949  0.86984  1.89    3749    3261    8593     9506   2.54
  2006       100-104    0.52762  0.94333  1.59     488     460     872      913   1.87
  2006       105-109    0.67256  0.97479  1.36      28      27      40       41   1.48
  2006       110+       0.77845  1.00000  1.28       1       1       1        1   1.28
  2007           0      0.00437  0.00435  0.14  100000     435   99626  7691549  76.92
  2007         1-4      0.00021  0.00084  1.60   99565      84  398057  7591923  76.25
  2007         5-9      0.00011  0.00056  2.29   99481      56  497252  7193865  72.31
  2007        10-14     0.00011  0.00054  2.69   99425      54  496999  6696613  67.35
  2007        15-19     0.00041  0.00207  3.04   99371     206  496450  6199615  62.39
  2007        20-24     0.00063  0.00314  2.45   99165     311  495033  5703164  57.51
  2007        25-29     0.00065  0.00325  2.51   98854     321  493469  5208132  52.69
  2007        30-34     0.00076  0.00378  2.60   98533     373  491769  4714663  47.85
  2007        35-39     0.00105  0.00525  2.66   98160     515  489595  4222893  43.02
  2007        40-44     0.00181  0.00902  2.74   97645     881  486237  3733298  38.23
  2007        45-49     0.00333  0.01655  2.73   96764    1601  480189  3247062  33.56
  2007        50-54     0.00549  0.02710  2.68   95163    2579  469822  2766873  29.08
  2007        55-59     0.00829  0.04067  2.64   92584    3766  454028  2297051  24.81
  2007        60-64     0.01263  0.06133  2.64   88818    5447  431247  1843023  20.75
  2007        65-69     0.01896  0.09068  2.62   83371    7560  398845  1411777  16.93
  2007        70-74     0.03079  0.14357  2.65   75811   10884  353448  1012932  13.36
  2007        75-79     0.05242  0.23276  2.59   64927   15112  288286   659484  10.16
  2007        80-84     0.08808  0.36161  2.53   49815   18014  204513   371198   7.45
  2007        85-89     0.15025  0.53855  2.37   31801   17127  113991   166685   5.24
  2007        90-94     0.25215  0.73721  2.18   14675   10818   42904    52694   3.59
  2007        95-99     0.37896  0.86955  1.89    3856    3353    8849     9790   2.54
  2007       100-104    0.52788  0.94347  1.59     503     475     899      941   1.87
  2007       105-109    0.67356  0.97495  1.36      28      28      41       42   1.48
  2007       110+       0.77981  1.00000  1.28       1       1       1        1   1.28
  2008           0      0.00391  0.00390  0.14  100000     390   99665  7710995  77.11
  2008         1-4      0.00020  0.00081  1.58   99610      80  398246  7611330  76.41
  2008         5-9      0.00010  0.00048  2.48   99530      48  497527  7213084  72.47
  2008        10-14     0.00011  0.00056  2.75   99482      56  497281  6715557  67.51
  2008        15-19     0.00040  0.00201  2.99   99426     200  496726  6218276  62.54
  2008        20-24     0.00058  0.00292  2.52   99226     289  495409  5721550  57.66
  2008        25-29     0.00063  0.00316  2.57   98936     312  493921  5226140  52.82
  2008        30-34     0.00078  0.00387  2.59   98624     382  492198  4732219  47.98
  2008        35-39     0.00104  0.00518  2.66   98242     509  490022  4240020  43.16
  2008        40-44     0.00175  0.00869  2.70   97733     850  486708  3749998  38.37
  2008        45-49     0.00318  0.01580  2.73   96883    1531  480941  3263291  33.68
  2008        50-54     0.00541  0.02670  2.69   95353    2546  470894  2782350  29.18
  2008        55-59     0.00824  0.04043  2.65   92807    3752  455233  2311456  24.91
  2008        60-64     0.01265  0.06142  2.63   89055    5470  432309  1856223  20.84
  2008        65-69     0.01852  0.08870  2.63   83585    7414  400377  1423914  17.04
  2008        70-74     0.02992  0.13983  2.67   76171   10651  356024  1023537  13.44
  2008        75-79     0.05175  0.23037  2.62   65520   15094  291695   667513  10.19
  2008        80-84     0.08769  0.36037  2.53   50426   18172  207239   375818   7.45
  2008        85-89     0.15073  0.53990  2.37   32254   17414  115534   168579   5.23
  2008        90-94     0.25338  0.73967  2.19   14840   10977   43322    53046   3.57
  2008        95-99     0.38251  0.87232  1.88    3863    3370    8810     9724   2.52
  2008       100-104    0.53338  0.94530  1.59     493     466     874      914   1.85
  2008       105-109    0.68001  0.97589  1.35      27      26      39       40   1.47
  2008       110+       0.78613  1.00000  1.27       1       1       1        1   1.27
  2009           0      0.00389  0.00387  0.14  100000     387   99667  7723927  77.24
  2009         1-4      0.00022  0.00089  1.61   99613      88  398239  7624259  76.54
  2009         5-9      0.00009  0.00046  2.33   99524      45  497500  7226020  72.61
  2009        10-14     0.00011  0.00054  2.87   99479      54  497280  6728520  67.64
  2009        15-19     0.00038  0.00188  2.94   99425     186  496741  6231241  62.67
  2009        20-24     0.00055  0.00276  2.47   99239     274  495501  5734499  57.78
  2009        25-29     0.00064  0.00320  2.54   98965     317  494046  5238998  52.94
  2009        30-34     0.00076  0.00381  2.54   98649     376  492317  4744952  48.10
  2009        35-39     0.00104  0.00518  2.64   98272     509  490158  4252635  43.27
  2009        40-44     0.00169  0.00842  2.73   97763     823  486946  3762477  38.49
  2009        45-49     0.00310  0.01538  2.73   96940    1491  481317  3275531  33.79
  2009        50-54     0.00534  0.02636  2.69   95449    2516  471434  2794214  29.27
  2009        55-59     0.00835  0.04097  2.65   92934    3807  455731  2322780  24.99
  2009        60-64     0.01240  0.06023  2.63   89126    5368  432914  1867048  20.95
  2009        65-69     0.01847  0.08847  2.63   83758    7410  401242  1434134  17.12
  2009        70-74     0.02924  0.13685  2.66   76348   10448  357259  1032892  13.53
  2009        75-79     0.05029  0.22469  2.63   65900   14807  294432   675633  10.25
  2009        80-84     0.08751  0.35998  2.54   51093   18392  210174   381201   7.46
  2009        85-89     0.15320  0.55004  2.44   32701   17987  117404   171026   5.23
  2009        90-94     0.24657  0.73533  2.26   14714   10820   43880    53623   3.64
  2009        95-99     0.38506  0.87428  1.88    3894    3405    8842     9743   2.50
  2009       100-104    0.53744  0.94662  1.58     490     463     862      900   1.84
  2009       105-109    0.68483  0.97656  1.34      26      26      37       38   1.46
  2009       110+       0.79086  1.00000  1.26       1       1       1        1   1.26
  2010           0      0.00378  0.00377  0.14  100000     377   99677  7743944  77.44
  2010         1-4      0.00019  0.00075  1.62   99623      74  398316  7644268  76.73
  2010         5-9      0.00009  0.00047  2.27   99549      47  497616  7245952  72.79
  2010        10-14     0.00011  0.00054  2.89   99502      54  497395  6748336  67.82
  2010        15-19     0.00035  0.00176  2.98   99448     175  496886  6250940  62.86
  2010        20-24     0.00053  0.00266  2.53   99273     264  495712  5754054  57.96
  2010        25-29     0.00065  0.00324  2.60   99009     321  494274  5258343  53.11
  2010        30-34     0.00076  0.00379  2.67   98688     374  492571  4764069  48.27
  2010        35-39     0.00106  0.00530  2.68   98314     521  490359  4271498  43.45
  2010        40-44     0.00166  0.00828  2.72   97793     810  487120  3781139  38.66
  2010        45-49     0.00295  0.01463  2.73   96983    1419  481695  3294019  33.96
  2010        50-54     0.00523  0.02585  2.70   95564    2470  472149  2812324  29.43
  2010        55-59     0.00829  0.04064  2.65   93094    3783  456560  2340174  25.14
  2010        60-64     0.01233  0.05990  2.63   89311    5350  433854  1883614  21.09
  2010        65-69     0.01840  0.08812  2.60   83961    7399  402078  1449761  17.27
  2010        70-74     0.02853  0.13365  2.64   76562   10233  358635  1047683  13.68
  2010        75-79     0.04920  0.22040  2.64   66330   14619  297149   689047  10.39
  2010        80-84     0.08527  0.35255  2.55   51711   18230  213802   391898   7.58
  2010        85-89     0.14749  0.53450  2.43   33480   17895  121330   178096   5.32
  2010        90-94     0.24684  0.72851  2.19   15585   11354   45996    56765   3.64
  2010        95-99     0.37768  0.86893  1.89    4231    3677    9734    10769   2.55
  2010       100-104    0.52932  0.94412  1.59     555     524     989     1035   1.87
  2010       105-109    0.67739  0.97557  1.35      31      30      45       46   1.47
  2010       110+       0.78474  1.00000  1.27       1       1       1        1   1.27
  2011           0      0.00393  0.00391  0.14  100000     391   99664  7777586  77.78
  2011         1-4      0.00018  0.00074  1.56   99609      73  398255  7677922  77.08
  2011         5-9      0.00009  0.00045  2.37   99535      45  497558  7279667  73.14
  2011        10-14     0.00011  0.00057  2.55   99490      57  497313  6782109  68.17
  2011        15-19     0.00034  0.00172  3.04   99434     171  496835  6284795  63.21
  2011        20-24     0.00058  0.00289  2.53   99263     286  495609  5787961  58.31
  2011        25-29     0.00058  0.00291  2.60   98977     288  494194  5292352  53.47
  2011        30-34     0.00074  0.00371  2.57   98689     366  492556  4798158  48.62
  2011        35-39     0.00097  0.00483  2.70   98323     474  490520  4305602  43.79
  2011        40-44     0.00159  0.00790  2.71   97848     773  487469  3815082  38.99
  2011        45-49     0.00278  0.01384  2.74   97075    1343  482342  3327613  34.28
  2011        50-54     0.00503  0.02487  2.69   95732    2381  473158  2845271  29.72
  2011        55-59     0.00813  0.03992  2.67   93351    3726  458077  2372114  25.41
  2011        60-64     0.01206  0.05861  2.62   89625    5253  435596  1914036  21.36
  2011        65-69     0.01806  0.08657  2.63   84372    7304  404519  1478440  17.52
  2011        70-74     0.02717  0.12763  2.63   77068    9836  362076  1073921  13.93
  2011        75-79     0.04730  0.21274  2.64   67232   14303  302356   711845  10.59
  2011        80-84     0.08214  0.34208  2.56   52929   18106  220441   409489   7.74
  2011        85-89     0.14328  0.52415  2.44   34823   18252  127387   189048   5.43
  2011        90-94     0.24007  0.71778  2.20   16571   11894   49545    61662   3.72
  2011        95-99     0.37011  0.86331  1.91    4677    4037   10908    12117   2.59
  2011       100-104    0.52178  0.94174  1.61     639     602    1154     1209   1.89
  2011       105-109    0.67116  0.97472  1.36      37      36      54       55   1.48
  2011       110+       0.78010  1.00000  1.28       1       1       1        1   1.28
  2012           0      0.00354  0.00353  0.14  100000     353   99698  7797162  77.97
  2012         1-4      0.00017  0.00069  1.66   99647      69  398429  7697465  77.25
  2012         5-9      0.00009  0.00047  2.32   99579      47  497768  7299036  73.30
  2012        10-14     0.00011  0.00054  2.82   99532      53  497543  6801268  68.33
  2012        15-19     0.00034  0.00170  2.95   99479     169  497047  6303725  63.37
  2012        20-24     0.00050  0.00252  2.54   99309     250  495932  5806678  58.47
  2012        25-29     0.00055  0.00276  2.54   99059     273  494626  5310747  53.61
  2012        30-34     0.00069  0.00344  2.59   98786     340  493110  4816120  48.75
  2012        35-39     0.00094  0.00467  2.67   98446     460  491157  4323011  43.91
  2012        40-44     0.00155  0.00773  2.72   97986     757  488204  3831854  39.11
  2012        45-49     0.00271  0.01345  2.72   97229    1308  483159  3343650  34.39
  2012        50-54     0.00483  0.02390  2.72   95921    2293  474379  2860491  29.82
  2012        55-59     0.00795  0.03903  2.67   93628    3654  459642  2386113  25.48
  2012        60-64     0.01210  0.05882  2.63   89974    5292  437345  1926471  21.41
  2012        65-69     0.01783  0.08555  2.63   84683    7244  406217  1489126  17.58
  2012        70-74     0.02693  0.12656  2.62   77438    9801  363907  1082909  13.98
  2012        75-79     0.04572  0.20629  2.64   67638   13953  305194   719002  10.63
  2012        80-84     0.08287  0.34464  2.56   53684   18502  223275   413808   7.71
  2012        85-89     0.14332  0.52368  2.43   35183   18425  128555   190533   5.42
  2012        90-94     0.24187  0.71878  2.18   16758   12045   49801    61978   3.70
  2012        95-99     0.37127  0.86418  1.91    4713    4073   10969    12178   2.58
  2012       100-104    0.52285  0.94208  1.61     640     603    1153     1208   1.89
  2012       105-109    0.67197  0.97483  1.36      37      36      54       55   1.48
  2012       110+       0.78064  1.00000  1.28       1       1       1        1   1.28
  2013           0      0.00364  0.00363  0.14  100000     363   99688  7798782  77.99
  2013         1-4      0.00018  0.00070  1.53   99637      70  398374  7699093  77.27
  2013         5-9      0.00010  0.00049  2.53   99567      49  497711  7300720  73.33
  2013        10-14     0.00008  0.00040  2.77   99517      40  497498  6803009  68.36
  2013        15-19     0.00032  0.00158  3.00   99478     157  497076  6305510  63.39
  2013        20-24     0.00045  0.00223  2.53   99321     222  496058  5808435  58.48
  2013        25-29     0.00054  0.00268  2.55   99099     265  494847  5312377  53.61
  2013        30-34     0.00070  0.00348  2.61   98834     344  493347  4817530  48.74
  2013        35-39     0.00096  0.00478  2.68   98490     470  491359  4324183  43.90
  2013        40-44     0.00150  0.00746  2.71   98020     731  488422  3832824  39.10
  2013        45-49     0.00266  0.01324  2.72   97288    1288  483506  3344402  34.38
  2013        50-54     0.00479  0.02367  2.73   96000    2272  474854  2860896  29.80
  2013        55-59     0.00797  0.03914  2.68   93728    3669  460116  2386042  25.46
  2013        60-64     0.01214  0.05900  2.63   90059    5314  437681  1925926  21.39
  2013        65-69     0.01817  0.08712  2.63   84745    7383  406248  1488246  17.56
  2013        70-74     0.02708  0.12721  2.63   77363    9842  363441  1081998  13.99
  2013        75-79     0.04518  0.20414  2.64   67521   13784  305109   718558  10.64
  2013        80-84     0.08262  0.34439  2.59   53737   18507  224005   413449   7.69
  2013        85-89     0.14488  0.52804  2.43   35231   18603  128407   189443   5.38
  2013        90-94     0.24295  0.71863  2.16   16627   11949   49182    61036   3.67
  2013        95-99     0.37939  0.87060  1.89    4679    4073   10736    11854   2.53
  2013       100-104    0.53482  0.94606  1.58     605     573    1071     1118   1.85
  2013       105-109    0.68558  0.97676  1.34      33      32      47       47   1.45
  2013       110+       0.79362  1.00000  1.26       1       1       1        1   1.26
  2014           0      0.00353  0.00352  0.14  100000     352   99698  7843341  78.43
  2014         1-4      0.00015  0.00061  1.76   99648      61  398456  7743643  77.71
  2014         5-9      0.00009  0.00043  2.53   99587      43  497831  7345187  73.76
  2014        10-14     0.00010  0.00049  2.72   99545      49  497612  6847356  68.79
  2014        15-19     0.00030  0.00151  2.98   99496     150  497177  6349744  63.82
  2014        20-24     0.00046  0.00227  2.57   99346     226  496180  5852567  58.91
  2014        25-29     0.00052  0.00258  2.53   99120     256  494969  5356386  54.04
  2014        30-34     0.00069  0.00342  2.64   98864     338  493522  4861417  49.17
  2014        35-39     0.00095  0.00474  2.62   98526     467  491518  4367895  44.33
  2014        40-44     0.00147  0.00732  2.71   98059     718  488653  3876377  39.53
  2014        45-49     0.00254  0.01262  2.73   97341    1229  483909  3387724  34.80
  2014        50-54     0.00456  0.02255  2.73   96112    2167  475630  2903815  30.21
  2014        55-59     0.00761  0.03742  2.69   93945    3515  461600  2428185  25.85
  2014        60-64     0.01201  0.05837  2.64   90430    5279  439683  1966585  21.75
  2014        65-69     0.01731  0.08312  2.61   85151    7078  408815  1526902  17.93
  2014        70-74     0.02622  0.12339  2.61   78073    9634  367368  1118087  14.32
  2014        75-79     0.04272  0.19412  2.65   68440   13286  310969   750718  10.97
  2014        80-84     0.07714  0.32552  2.60   55154   17954  232757   439749   7.97
  2014        85-89     0.13692  0.50677  2.44   37200   18852  137687   206992   5.56
  2014        90-94     0.23607  0.71616  2.25   18348   13140   55663    69304   3.78
  2014        95-99     0.36534  0.86006  1.92    5208    4479   12260    13641   2.62
  2014       100-104    0.52054  0.94161  1.61     729     686    1318     1381   1.90
  2014       105-109    0.67363  0.97519  1.36      43      41      62       63   1.48
  2014       110+       0.78465  1.00000  1.27       1       1       1        1   1.27
  2015           0      0.00346  0.00345  0.14  100000     345   99704  7813160  78.13
  2015         1-4      0.00018  0.00071  1.59   99655      71  398447  7713456  77.40
  2015         5-9      0.00008  0.00040  2.36   99584      40  497814  7315009  73.46
  2015        10-14     0.00009  0.00043  2.64   99544      43  497619  6817195  68.48
  2015        15-19     0.00030  0.00148  2.92   99501     147  497199  6319576  63.51
  2015        20-24     0.00047  0.00234  2.48   99354     233  496182  5822377  58.60
  2015        25-29     0.00054  0.00268  2.64   99121     266  494977  5326195  53.73
  2015        30-34     0.00072  0.00360  2.60   98855     356  493421  4831218  48.87
  2015        35-39     0.00098  0.00488  2.59   98499     481  491336  4337796  44.04
  2015        40-44     0.00152  0.00758  2.66   98018     743  488347  3846460  39.24
  2015        45-49     0.00256  0.01271  2.71   97275    1236  483537  3358113  34.52
  2015        50-54     0.00452  0.02235  2.73   96039    2147  475313  2874575  29.93
  2015        55-59     0.00778  0.03824  2.69   93892    3590  461169  2399262  25.55
  2015        60-64     0.01233  0.05993  2.65   90302    5411  438792  1938093  21.46
  2015        65-69     0.01809  0.08670  2.61   84890    7360  406895  1499301  17.66
  2015        70-74     0.02727  0.12796  2.59   77530    9921  363744  1092406  14.09
  2015        75-79     0.04356  0.19731  2.62   67609   13340  306268   728662  10.78
  2015        80-84     0.07977  0.33440  2.58   54270   18148  227515   422394   7.78
  2015        85-89     0.14318  0.52284  2.42   36122   18886  131904   194879   5.40
  2015        90-94     0.24553  0.72773  2.20   17236   12543   51086    62974   3.65
  2015        95-99     0.37933  0.87083  1.89    4693    4087   10773    11888   2.53
  2015       100-104    0.53715  0.94692  1.58     606     574    1069     1115   1.84
  2015       105-109    0.68976  0.97736  1.33      32      31      46       47   1.45
  2015       110+       0.79842  1.00000  1.25       1       1       1        1   1.25
  2016           0      0.00381  0.00380  0.14  100000     380   99674  7838507  78.39
  2016         1-4      0.00017  0.00069  1.56   99620      69  398313  7738832  77.68
  2016         5-9      0.00010  0.00050  2.28   99551      50  497620  7340520  73.74
  2016        10-14     0.00009  0.00047  2.74   99501      46  497401  6842900  68.77
  2016        15-19     0.00030  0.00150  2.91   99455     150  496961  6345499  63.80
  2016        20-24     0.00045  0.00225  2.54   99305     223  495975  5848538  58.89
  2016        25-29     0.00049  0.00244  2.59   99082     242  494826  5352563  54.02
  2016        30-34     0.00068  0.00339  2.67   98840     336  493418  4857737  49.15
  2016        35-39     0.00098  0.00491  2.64   98505     483  491381  4364319  44.31
  2016        40-44     0.00152  0.00755  2.67   98021     740  488385  3872938  39.51
  2016        45-49     0.00249  0.01239  2.72   97281    1205  483657  3384553  34.79
  2016        50-54     0.00435  0.02154  2.73   96076    2070  475682  2900896  30.19
  2016        55-59     0.00758  0.03724  2.69   94006    3501  461959  2425214  25.80
  2016        60-64     0.01208  0.05875  2.66   90505    5317  440096  1963255  21.69
  2016        65-69     0.01807  0.08662  2.61   85188    7379  408314  1523160  17.88
  2016        70-74     0.02672  0.12555  2.61   77810    9769  365672  1114845  14.33
  2016        75-79     0.04220  0.19181  2.63   68041   13051  309286   749173  11.01
  2016        80-84     0.07577  0.32051  2.60   54989   17625  232594   439887   8.00
  2016        85-89     0.13830  0.51117  2.45   37365   19100  138105   207293   5.55
  2016        90-94     0.23386  0.71018  2.24   18265   12971   55466    69188   3.79
  2016        95-99     0.36954  0.86361  1.92    5294    4572   12371    13722   2.59
  2016       100-104    0.52755  0.94403  1.60     722     682    1292     1351   1.87
  2016       105-109    0.68211  0.97640  1.35      40      39      58       59   1.46
  2016       110+       0.79298  1.00000  1.26       1       1       1        1   1.26
  2017           0      0.00350  0.00348  0.14  100000     348   99701  7856268  78.56
  2017         1-4      0.00015  0.00060  1.48   99652      60  398455  7756566  77.84
  2017         5-9      0.00007  0.00037  2.36   99592      37  497861  7358111  73.88
  2017        10-14     0.00008  0.00042  2.88   99555      41  497686  6860251  68.91
  2017        15-19     0.00028  0.00138  2.98   99513     138  497289  6362565  63.94
  2017        20-24     0.00042  0.00209  2.54   99376     207  496368  5865276  59.02
  2017        25-29     0.00046  0.00230  2.60   99168     228  495296  5368908  54.14
  2017        30-34     0.00068  0.00340  2.64   98941     336  493911  4873612  49.26
  2017        35-39     0.00097  0.00483  2.65   98605     476  491903  4379701  44.42
  2017        40-44     0.00142  0.00708  2.71   98129     695  489050  3887798  39.62
  2017        45-49     0.00240  0.01192  2.68   97434    1162  484477  3398748  34.88
  2017        50-54     0.00418  0.02069  2.74   96272    1992  476853  2914271  30.27
  2017        55-59     0.00728  0.03582  2.69   94281    3377  463612  2437418  25.85
  2017        60-64     0.01188  0.05778  2.66   90904    5253  442209  1973805  21.71
  2017        65-69     0.01802  0.08640  2.62   85651    7401  410655  1531597  17.88
  2017        70-74     0.02673  0.12561  2.61   78250    9829  367743  1120942  14.33
  2017        75-79     0.04197  0.19073  2.61   68421   13050  310965   753199  11.01
  2017        80-84     0.07487  0.31728  2.60   55371   17568  234650   442234   7.99
  2017        85-89     0.13927  0.51404  2.45   37803   19432  139524   207584   5.49
  2017        90-94     0.24020  0.71903  2.21   18371   13209   54991    68061   3.70
  2017        95-99     0.37926  0.87136  1.90    5162    4498   11859    13069   2.53
  2017       100-104    0.54217  0.94872  1.57     664     630    1162     1210   1.82
  2017       105-109    0.69864  0.97858  1.32      34      33      48       49   1.43
  2017       110+       0.80843  1.00000  1.24       1       1       1        1   1.24
