Hong Kong, Life tables (period 5x1), Males	Last modified: 20 Jul 2021;  Methods Protocol: v6 (2017)

  Year          Age         mx       qx    ax      lx      dx      Lx       Tx     ex
  1986           0      0.00738  0.00733  0.13  100000     733   99365  7409725  74.10
  1986         1-4      0.00034  0.00138  1.73   99267     136  396757  7310360  73.64
  1986         5-9      0.00019  0.00094  2.16   99130      93  495387  6913603  69.74
  1986        10-14     0.00023  0.00114  2.71   99037     113  494928  6418216  64.81
  1986        15-19     0.00036  0.00179  2.52   98924     177  494184  5923289  59.88
  1986        20-24     0.00057  0.00285  2.46   98748     282  493025  5429105  54.98
  1986        25-29     0.00061  0.00303  2.43   98466     298  491564  4936080  50.13
  1986        30-34     0.00093  0.00462  2.47   98168     453  489693  4444516  45.27
  1986        35-39     0.00133  0.00664  2.67   97714     649  487056  3954823  40.47
  1986        40-44     0.00236  0.01174  2.83   97065    1140  482848  3467767  35.73
  1986        45-49     0.00359  0.01781  2.62   95925    1708  475569  2984919  31.12
  1986        50-54     0.00668  0.03289  2.64   94217    3099  463787  2509349  26.63
  1986        55-59     0.01027  0.05013  2.62   91118    4568  444714  2045562  22.45
  1986        60-64     0.01730  0.08307  2.61   86551    7190  415578  1600848  18.50
  1986        65-69     0.02751  0.12892  2.57   79361   10231  371889  1185270  14.94
  1986        70-74     0.04280  0.19400  2.59   69129   13411  313335   813380  11.77
  1986        75-79     0.06569  0.28039  2.39   55718   15623  237821   500045   8.97
  1986        80-84     0.11832  0.45392  2.44   40095   18200  153827   262224   6.54
  1986        85-89     0.17283  0.58856  2.29   21895   12887   74561   108397   4.95
  1986        90-94     0.24378  0.71834  2.14    9009    6471   26545    33836   3.76
  1986        95-99     0.33284  0.82602  1.95    2537    2096    6297     7290   2.87
  1986       100-104    0.43541  0.90086  1.75     441     398     913      993   2.25
  1986       105-109    0.54407  0.94567  1.55      44      41      76       80   1.82
  1986       110+       0.63193  1.00000  1.58       2       2       4        4   1.58
  1987           0      0.00743  0.00738  0.13  100000     738   99361  7414199  74.14
  1987         1-4      0.00042  0.00169  1.62   99262     168  396649  7314838  73.69
  1987         5-9      0.00018  0.00091  2.60   99094      90  495255  6918189  69.81
  1987        10-14     0.00021  0.00106  2.66   99004     105  494776  6422934  64.88
  1987        15-19     0.00036  0.00181  2.81   98899     179  494105  5928158  59.94
  1987        20-24     0.00047  0.00235  2.73   98721     232  493076  5434053  55.04
  1987        25-29     0.00062  0.00309  2.66   98488     304  491731  4940977  50.17
  1987        30-34     0.00084  0.00420  2.38   98184     412  489842  4449245  45.32
  1987        35-39     0.00116  0.00576  2.58   97772     563  487497  3959404  40.50
  1987        40-44     0.00193  0.00959  2.58   97208     933  483785  3471907  35.72
  1987        45-49     0.00400  0.01983  2.69   96276    1910  476972  2988122  31.04
  1987        50-54     0.00658  0.03242  2.65   94366    3059  464647  2511150  26.61
  1987        55-59     0.01049  0.05118  2.60   91307    4673  445322  2046503  22.41
  1987        60-64     0.01631  0.07849  2.62   86634    6800  416983  1601181  18.48
  1987        65-69     0.02796  0.13098  2.59   79834   10457  373933  1184198  14.83
  1987        70-74     0.04183  0.18967  2.54   69377   13159  314545   810266  11.68
  1987        75-79     0.06825  0.29189  2.52   56218   16409  240443   495720   8.82
  1987        80-84     0.12234  0.46274  2.37   39809   18421  150575   255277   6.41
  1987        85-89     0.17464  0.59588  2.34   21388   12745   72977   104702   4.90
  1987        90-94     0.25069  0.72853  2.13    8643    6297   25118    31725   3.67
  1987        95-99     0.34056  0.83312  1.93    2346    1955    5740     6606   2.82
  1987       100-104    0.44334  0.90504  1.73     392     354     799      866   2.21
  1987       105-109    0.55147  0.94782  1.54      37      35      64       67   1.80
  1987       110+       0.63861  1.00000  1.57       2       2       3        3   1.57
  1988           0      0.00857  0.00851  0.13  100000     851   99262  7422996  74.23
  1988         1-4      0.00038  0.00154  1.47   99149     152  396211  7323735  73.87
  1988         5-9      0.00020  0.00098  2.66   98997      97  494757  6927524  69.98
  1988        10-14     0.00022  0.00112  2.67   98900     111  494241  6432767  65.04
  1988        15-19     0.00046  0.00232  2.86   98789     229  493455  5938526  60.11
  1988        20-24     0.00044  0.00221  2.74   98560     218  492306  5445071  55.25
  1988        25-29     0.00065  0.00326  2.67   98342     320  490962  4952765  50.36
  1988        30-34     0.00084  0.00417  2.51   98022     408  489092  4461803  45.52
  1988        35-39     0.00142  0.00706  2.70   97613     689  486484  3972711  40.70
  1988        40-44     0.00207  0.01032  2.64   96924    1000  482260  3486227  35.97
  1988        45-49     0.00346  0.01716  2.71   95924    1646  475849  3003967  31.32
  1988        50-54     0.00637  0.03138  2.67   94277    2958  464483  2528117  26.82
  1988        55-59     0.01071  0.05223  2.65   91319    4770  445408  2063634  22.60
  1988        60-64     0.01637  0.07877  2.62   86549    6817  416492  1618226  18.70
  1988        65-69     0.02641  0.12424  2.62   79732    9906  375117  1201734  15.07
  1988        70-74     0.04086  0.18623  2.62   69826   13004  318223   826617  11.84
  1988        75-79     0.06612  0.28505  2.58   56822   16197  244982   508393   8.95
  1988        80-84     0.11477  0.44261  2.42   40625   17981  156661   263411   6.48
  1988        85-89     0.17950  0.60858  2.36   22644   13781   76772   106750   4.71
  1988        90-94     0.27318  0.76230  2.10    8863    6757   24733    29977   3.38
  1988        95-99     0.38862  0.87421  1.85    2107    1842    4739     5245   2.49
  1988       100-104    0.51811  0.93885  1.60     265     249     480      505   1.91
  1988       105-109    0.64618  0.97008  1.39      16      16      24       25   1.54
  1988       110+       0.74314  1.00000  1.35       0       0       1        1   1.35
  1989           0      0.00712  0.00708  0.14  100000     708   99388  7409501  74.10
  1989         1-4      0.00030  0.00122  1.73   99292     121  396894  7310114  73.62
  1989         5-9      0.00016  0.00078  2.46   99171      78  495660  6913219  69.71
  1989        10-14     0.00019  0.00095  2.52   99094      94  495237  6417559  64.76
  1989        15-19     0.00038  0.00192  2.87   99000     190  494596  5922323  59.82
  1989        20-24     0.00064  0.00317  2.43   98810     313  493244  5427727  54.93
  1989        25-29     0.00075  0.00373  2.36   98497     367  491514  4934483  50.10
  1989        30-34     0.00094  0.00467  2.53   98129     459  489514  4442969  45.28
  1989        35-39     0.00127  0.00632  2.65   97671     617  486904  3953455  40.48
  1989        40-44     0.00224  0.01113  2.82   97054    1080  482911  3466551  35.72
  1989        45-49     0.00386  0.01910  2.57   95974    1833  475407  2983640  31.09
  1989        50-54     0.00630  0.03104  2.61   94141    2922  463722  2508232  26.64
  1989        55-59     0.01061  0.05175  2.64   91219    4720  444959  2044510  22.41
  1989        60-64     0.01662  0.07998  2.67   86499    6918  416339  1599551  18.49
  1989        65-69     0.02672  0.12572  2.65   79580   10005  374431  1183212  14.87
  1989        70-74     0.04415  0.19969  2.61   69576   13893  314690   808781  11.62
  1989        75-79     0.06730  0.29003  2.62   55682   16149  239950   494091   8.87
  1989        80-84     0.11800  0.45248  2.42   39533   17888  151588   254141   6.43
  1989        85-89     0.18232  0.60816  2.26   21645   13163   72201   102553   4.74
  1989        90-94     0.25725  0.73887  2.12    8481    6267   24360    30351   3.58
  1989        95-99     0.35537  0.84698  1.91    2215    1876    5279     5992   2.71
  1989       100-104    0.46718  0.91742  1.69     339     311     666      713   2.10
  1989       105-109    0.58283  0.95658  1.49      28      27      46       48   1.71
  1989       110+       0.67460  1.00000  1.48       1       1       2        2   1.48
  1990           0      0.00660  0.00656  0.14  100000     656   99433  7446777  74.47
  1990         1-4      0.00039  0.00155  1.60   99344     154  397005  7347344  73.96
  1990         5-9      0.00011  0.00057  2.50   99190      56  495809  6950340  70.07
  1990        10-14     0.00020  0.00100  2.64   99134      99  495434  6454531  65.11
  1990        15-19     0.00043  0.00216  3.18   99034     214  494782  5959097  60.17
  1990        20-24     0.00063  0.00312  2.43   98820     308  493307  5464315  55.30
  1990        25-29     0.00072  0.00360  2.48   98511     354  491665  4971008  50.46
  1990        30-34     0.00096  0.00480  2.69   98157     471  489699  4479343  45.63
  1990        35-39     0.00136  0.00676  2.63   97686     660  486868  3989644  40.84
  1990        40-44     0.00200  0.00997  2.70   97026     967  482904  3502775  36.10
  1990        45-49     0.00360  0.01783  2.67   96059    1712  476301  3019872  31.44
  1990        50-54     0.00570  0.02808  2.55   94346    2650  465250  2543570  26.96
  1990        55-59     0.01046  0.05112  2.75   91697    4688  447956  2078320  22.67
  1990        60-64     0.01574  0.07591  2.66   87009    6605  419561  1630364  18.74
  1990        65-69     0.02657  0.12504  2.64   80404   10053  378333  1210804  15.06
  1990        70-74     0.04207  0.19087  2.57   70351   13428  319165   832471  11.83
  1990        75-79     0.06515  0.28134  2.58   56923   16015  245804   513306   9.02
  1990        80-84     0.11427  0.44478  2.51   40908   18195  159225   267502   6.54
  1990        85-89     0.17730  0.60238  2.34   22713   13682   77166   108276   4.77
  1990        90-94     0.26738  0.75450  2.11    9031    6814   25484    31111   3.44
  1990        95-99     0.38048  0.86826  1.87    2217    1925    5060     5627   2.54
  1990       100-104    0.50820  0.93528  1.62     292     273     538      567   1.94
  1990       105-109    0.63576  0.96824  1.41      19      18      29       30   1.57
  1990       110+       0.73317  1.00000  1.36       1       1       1        1   1.36
  1991           0      0.00591  0.00588  0.14  100000     588   99493  7522709  75.23
  1991         1-4      0.00026  0.00103  1.78   99412     103  397419  7423217  74.67
  1991         5-9      0.00012  0.00062  2.94   99309      62  496417  7025798  70.75
  1991        10-14     0.00020  0.00100  2.72   99247     100  496009  6529381  65.79
  1991        15-19     0.00037  0.00183  2.77   99148     181  495333  6033372  60.85
  1991        20-24     0.00057  0.00286  2.49   98966     283  494118  5538039  55.96
  1991        25-29     0.00078  0.00389  2.58   98683     384  492484  5043920  51.11
  1991        30-34     0.00087  0.00435  2.73   98299     428  490523  4551436  46.30
  1991        35-39     0.00125  0.00624  2.71   97871     611  487956  4060913  41.49
  1991        40-44     0.00218  0.01084  2.64   97261    1055  483817  3572957  36.74
  1991        45-49     0.00343  0.01700  2.66   96206    1635  477202  3089140  32.11
  1991        50-54     0.00575  0.02838  2.69   94571    2684  466659  2611939  27.62
  1991        55-59     0.00891  0.04368  2.77   91887    4014  450490  2145279  23.35
  1991        60-64     0.01548  0.07466  2.62   87873    6561  423739  1694789  19.29
  1991        65-69     0.02384  0.11292  2.66   81312    9182  385079  1271051  15.63
  1991        70-74     0.03994  0.18200  2.56   72131   13128  328685   885972  12.28
  1991        75-79     0.06159  0.26754  2.55   59003   15786  256319   557287   9.45
  1991        80-84     0.10544  0.41662  2.48   43218   18005  170758   300968   6.96
  1991        85-89     0.16286  0.56440  2.28   25212   14230   87376   130210   5.16
  1991        90-94     0.23173  0.70042  2.18   10982    7692   33195    42834   3.90
  1991        95-99     0.32483  0.81916  1.97    3290    2695    8297     9639   2.93
  1991       100-104    0.43381  0.90070  1.75     595     536    1235     1342   2.26
  1991       105-109    0.54987  0.94786  1.54      59      56     102      107   1.80
  1991       110+       0.64360  1.00000  1.55       3       3       5        5   1.55
  1992           0      0.00460  0.00459  0.14  100000     459   99606  7490521  74.91
  1992         1-4      0.00032  0.00126  1.60   99541     126  397865  7390915  74.25
  1992         5-9      0.00018  0.00092  2.54   99416      91  496853  6993051  70.34
  1992        10-14     0.00025  0.00124  2.75   99324     124  496343  6496198  65.40
  1992        15-19     0.00042  0.00208  2.93   99201     206  495576  5999854  60.48
  1992        20-24     0.00066  0.00328  2.61   98995     324  494198  5504278  55.60
  1992        25-29     0.00080  0.00399  2.27   98670     394  492278  5010080  50.78
  1992        30-34     0.00086  0.00431  2.56   98276     423  490348  4517802  45.97
  1992        35-39     0.00137  0.00682  2.72   97853     667  487744  4027454  41.16
  1992        40-44     0.00202  0.01004  2.62   97185     976  483607  3539709  36.42
  1992        45-49     0.00344  0.01708  2.81   96210    1644  477442  3056102  31.77
  1992        50-54     0.00617  0.03041  2.78   94566    2876  466441  2578660  27.27
  1992        55-59     0.00942  0.04609  2.70   91690    4226  448735  2112219  23.04
  1992        60-64     0.01603  0.07726  2.67   87464    6757  421591  1663484  19.02
  1992        65-69     0.02555  0.12071  2.71   80707    9742  381254  1241894  15.39
  1992        70-74     0.04154  0.18839  2.53   70965   13369  321833   860640  12.13
  1992        75-79     0.06259  0.27120  2.54   57596   15620  249545   538807   9.35
  1992        80-84     0.11082  0.43096  2.42   41976   18090  163236   289262   6.89
  1992        85-89     0.15746  0.55462  2.34   23886   13248   84136   126026   5.28
  1992        90-94     0.23029  0.69720  2.17   10638    7417   32207    41890   3.94
  1992        95-99     0.31629  0.80958  1.99    3221    2608    8245     9683   3.01
  1992       100-104    0.41665  0.89003  1.78     613     546    1310     1438   2.34
  1992       105-109    0.52458  0.93943  1.58      67      63     121      127   1.89
  1992       110+       0.61257  1.00000  1.63       4       4       7        7   1.63
  1993           0      0.00458  0.00456  0.14  100000     456   99608  7543768  75.44
  1993         1-4      0.00029  0.00115  1.74   99544     114  397917  7444160  74.78
  1993         5-9      0.00015  0.00077  2.80   99430      76  496981  7046243  70.87
  1993        10-14     0.00018  0.00089  2.91   99354      89  496583  6549262  65.92
  1993        15-19     0.00041  0.00205  2.81   99265     204  495879  6052679  60.98
  1993        20-24     0.00060  0.00300  2.55   99061     297  494578  5556800  56.09
  1993        25-29     0.00071  0.00356  2.56   98765     352  492965  5062222  51.26
  1993        30-34     0.00080  0.00401  2.63   98413     395  491125  4569257  46.43
  1993        35-39     0.00131  0.00651  2.55   98018     638  488523  4078132  41.61
  1993        40-44     0.00214  0.01062  2.64   97379    1035  484454  3589609  36.86
  1993        45-49     0.00309  0.01537  2.83   96345    1481  478507  3105155  32.23
  1993        50-54     0.00527  0.02604  2.74   94864    2471  468749  2626648  27.69
  1993        55-59     0.00888  0.04347  2.60   92393    4016  452348  2157900  23.36
  1993        60-64     0.01575  0.07586  2.58   88377    6704  425696  1705552  19.30
  1993        65-69     0.02503  0.11818  2.65   81674    9652  385646  1279855  15.67
  1993        70-74     0.04111  0.18681  2.56   72021   13454  327274   894209  12.42
  1993        75-79     0.05832  0.25480  2.52   58567   14923  255894   566935   9.68
  1993        80-84     0.10367  0.40932  2.43   43644   17864  172325   311041   7.13
  1993        85-89     0.15508  0.54695  2.31   25779   14100   90923   138717   5.38
  1993        90-94     0.21965  0.67952  2.19   11680    7936   36132    47793   4.09
  1993        95-99     0.30361  0.79606  2.01    3743    2980    9814    11661   3.12
  1993       100-104    0.40267  0.88128  1.81     763     673    1671     1847   2.42
  1993       105-109    0.51045  0.93452  1.61      91      85     166      176   1.94
  1993       110+       0.59884  1.00000  1.67       6       6      10       10   1.67
  1994           0      0.00420  0.00418  0.14  100000     418   99641  7599893  76.00
  1994         1-4      0.00023  0.00094  1.22   99582      93  398068  7500252  75.32
  1994         5-9      0.00008  0.00040  2.55   99488      40  497344  7102184  71.39
  1994        10-14     0.00018  0.00088  3.15   99449      88  497080  6604840  66.41
  1994        15-19     0.00038  0.00191  2.97   99361     189  496420  6107760  61.47
  1994        20-24     0.00066  0.00331  2.43   99171     329  495010  5611341  56.58
  1994        25-29     0.00077  0.00387  2.49   98843     382  493254  5116330  51.76
  1994        30-34     0.00082  0.00409  2.64   98460     402  491351  4623076  46.95
  1994        35-39     0.00122  0.00609  2.63   98058     597  488879  4131725  42.14
  1994        40-44     0.00179  0.00891  2.70   97461     869  485305  3642846  37.38
  1994        45-49     0.00310  0.01538  2.69   96592    1486  479523  3157541  32.69
  1994        50-54     0.00563  0.02779  2.58   95107    2643  469147  2678018  28.16
  1994        55-59     0.00815  0.03997  2.60   92463    3696  453437  2208871  23.89
  1994        60-64     0.01471  0.07111  2.68   88767    6312  429177  1755434  19.78
  1994        65-69     0.02350  0.11139  2.66   82455    9184  390782  1326257  16.08
  1994        70-74     0.03831  0.17546  2.60   73271   12856  335542   935474  12.77
  1994        75-79     0.05585  0.24551  2.54   60415   14832  265574   599932   9.93
  1994        80-84     0.09894  0.39621  2.49   45582   18060  182536   334358   7.34
  1994        85-89     0.14588  0.52703  2.37   27522   14505   99429   151822   5.52
  1994        90-94     0.22245  0.68544  2.20   13017    8923   40109    52393   4.02
  1994        95-99     0.31587  0.81044  2.00    4095    3318   10506    12284   3.00
  1994       100-104    0.42651  0.89689  1.77     776     696    1632     1778   2.29
  1994       105-109    0.54529  0.94669  1.55      80      76     139      146   1.82
  1994       110+       0.64149  1.00000  1.56       4       4       7        7   1.56
  1995           0      0.00428  0.00426  0.14  100000     426   99634  7616546  76.17
  1995         1-4      0.00030  0.00119  1.55   99574     118  398006  7516912  75.49
  1995         5-9      0.00014  0.00068  2.37   99456      68  497100  7118907  71.58
  1995        10-14     0.00011  0.00055  2.24   99388      54  496790  6621807  66.63
  1995        15-19     0.00039  0.00196  2.98   99334     194  496275  6125017  61.66
  1995        20-24     0.00071  0.00353  2.60   99139     350  494857  5628742  56.78
  1995        25-29     0.00066  0.00327  2.54   98790     323  493154  5133885  51.97
  1995        30-34     0.00084  0.00419  2.31   98466     412  491222  4640730  47.13
  1995        35-39     0.00125  0.00621  2.59   98054     609  488802  4149508  42.32
  1995        40-44     0.00204  0.01017  2.61   97445     991  484858  3660706  37.57
  1995        45-49     0.00294  0.01462  2.67   96454    1410  478980  3175848  32.93
  1995        50-54     0.00582  0.02870  2.64   95043    2728  468782  2696869  28.38
  1995        55-59     0.00821  0.04027  2.59   92315    3718  452617  2228086  24.14
  1995        60-64     0.01402  0.06792  2.72   88598    6017  429283  1775470  20.04
  1995        65-69     0.02238  0.10629  2.65   82580    8778  392239  1346187  16.30
  1995        70-74     0.03541  0.16313  2.59   73803   12039  340029   953948  12.93
  1995        75-79     0.05785  0.25378  2.58   61763   15674  270933   613919   9.94
  1995        80-84     0.10628  0.41198  2.27   46089   18988  178663   342986   7.44
  1995        85-89     0.13555  0.50502  2.48   27101   13687  100968   164323   6.06
  1995        90-94     0.18887  0.61995  2.23   13415    8316   44032    63355   4.72
  1995        95-99     0.24549  0.71793  2.11    5098    3660   14909    19323   3.79
  1995       100-104    0.31230  0.80236  1.97    1438    1154    3695     4414   3.07
  1995       105-109    0.38777  0.86837  1.82     284     247     636      720   2.53
  1995       110+       0.45000  1.00000  2.22      37      37      83       83   2.22
  1996           0      0.00419  0.00417  0.14  100000     417   99642  7652806  76.53
  1996         1-4      0.00025  0.00101  1.60   99583     100  398091  7553165  75.85
  1996         5-9      0.00013  0.00063  1.89   99483      63  497218  7155074  71.92
  1996        10-14     0.00014  0.00071  2.78   99420      71  496944  6657855  66.97
  1996        15-19     0.00044  0.00218  2.91   99349     216  496294  6160912  62.01
  1996        20-24     0.00068  0.00339  2.51   99133     336  494826  5664617  57.14
  1996        25-29     0.00079  0.00392  2.27   98797     388  492924  5169791  52.33
  1996        30-34     0.00080  0.00400  2.68   98409     394  491133  4676867  47.52
  1996        35-39     0.00107  0.00532  2.57   98015     521  488808  4185733  42.70
  1996        40-44     0.00185  0.00919  2.54   97494     896  485269  3696925  37.92
  1996        45-49     0.00264  0.01314  2.60   96599    1269  479953  3211656  33.25
  1996        50-54     0.00463  0.02293  2.77   95330    2186  471763  2731703  28.66
  1996        55-59     0.00800  0.03927  2.69   93144    3657  457257  2259940  24.26
  1996        60-64     0.01292  0.06275  2.73   89486    5615  434707  1802682  20.14
  1996        65-69     0.02232  0.10607  2.66   83871    8896  398508  1367976  16.31
  1996        70-74     0.03460  0.15987  2.63   74975   11986  346410   969468  12.93
  1996        75-79     0.05378  0.23780  2.57   62989   14979  278501   623058   9.89
  1996        80-84     0.10557  0.41440  2.41   48010   19895  188453   344557   7.18
  1996        85-89     0.15163  0.54202  2.37   28115   15239  100500   156104   5.55
  1996        90-94     0.20785  0.65689  2.20   12876    8458   40692    55604   4.32
  1996        95-99     0.27832  0.76472  2.05    4418    3378   12139    14912   3.38
  1996       100-104    0.36273  0.85089  1.88    1039     884    2438     2773   2.67
  1996       105-109    0.45645  0.91067  1.70     155     141     309      335   2.16
  1996       110+       0.53407  1.00000  1.87      14      14      26       26   1.87
  1997           0      0.00377  0.00376  0.14  100000     376   99678  7707868  77.08
  1997         1-4      0.00031  0.00122  1.69   99624     122  398216  7608190  76.37
  1997         5-9      0.00010  0.00049  2.39   99502      49  497384  7209974  72.46
  1997        10-14     0.00018  0.00089  2.49   99453      88  497045  6712590  67.49
  1997        15-19     0.00035  0.00176  3.13   99365     175  496499  6215544  62.55
  1997        20-24     0.00080  0.00401  2.66   99190     398  495023  5719046  57.66
  1997        25-29     0.00078  0.00389  2.55   98793     384  493022  5224023  52.88
  1997        30-34     0.00078  0.00387  2.65   98409     381  491149  4731001  48.08
  1997        35-39     0.00108  0.00540  2.76   98028     529  488955  4239851  43.25
  1997        40-44     0.00185  0.00920  2.55   97499     897  485300  3750896  38.47
  1997        45-49     0.00254  0.01263  2.64   96602    1220  480130  3265596  33.80
  1997        50-54     0.00461  0.02284  2.91   95382    2179  472346  2785466  29.20
  1997        55-59     0.00729  0.03584  2.63   93203    3341  458101  2313120  24.82
  1997        60-64     0.01229  0.05971  2.66   89862    5366  436737  1855019  20.64
  1997        65-69     0.02043  0.09747  2.66   84496    8236  403192  1418283  16.79
  1997        70-74     0.03330  0.15439  2.65   76260   11774  353584  1015090  13.31
  1997        75-79     0.05151  0.22921  2.60   64487   14781  286956   661506  10.26
  1997        80-84     0.09285  0.37632  2.48   49705   18705  201457   374549   7.54
  1997        85-89     0.14621  0.53157  2.43   31000   16479  112704   173092   5.58
  1997        90-94     0.21392  0.67203  2.23   14521    9759   45620    60388   4.16
  1997        95-99     0.30406  0.79779  2.02    4763    3800   12496    14769   3.10
  1997       100-104    0.41298  0.88887  1.80     963     856    2073     2272   2.36
  1997       105-109    0.53132  0.94237  1.58     107     101     190      200   1.87
  1997       110+       0.62785  1.00000  1.59       6       6      10       10   1.59
  1998           0      0.00325  0.00324  0.14  100000     324   99722  7721033  77.21
  1998         1-4      0.00022  0.00088  1.72   99676      87  398503  7621311  76.46
  1998         5-9      0.00012  0.00058  2.22   99588      58  497780  7222809  72.53
  1998        10-14     0.00015  0.00077  2.14   99530      76  497433  6725028  67.57
  1998        15-19     0.00031  0.00157  2.79   99454     156  496926  6227595  62.62
  1998        20-24     0.00058  0.00290  2.54   99298     288  495780  5730669  57.71
  1998        25-29     0.00064  0.00320  2.47   99010     316  494249  5234889  52.87
  1998        30-34     0.00079  0.00393  2.58   98693     388  492529  4740639  48.03
  1998        35-39     0.00106  0.00530  2.68   98306     521  490319  4248110  43.21
  1998        40-44     0.00177  0.00882  2.72   97785     863  486958  3757791  38.43
  1998        45-49     0.00292  0.01449  2.69   96922    1405  481363  3270833  33.75
  1998        50-54     0.00464  0.02295  2.73   95517    2192  472603  2789470  29.20
  1998        55-59     0.00749  0.03682  2.70   93325    3436  458714  2316867  24.83
  1998        60-64     0.01282  0.06223  2.64   89889    5593  436250  1858153  20.67
  1998        65-69     0.02010  0.09600  2.66   84296    8092  402534  1421903  16.87
  1998        70-74     0.03264  0.15145  2.62   76203   11541  353605  1019369  13.38
  1998        75-79     0.05158  0.22960  2.61   64662   14847  287826   665764  10.30
  1998        80-84     0.09162  0.37197  2.47   49816   18530  202245   377937   7.59
  1998        85-89     0.14440  0.52535  2.41   31286   16436  113819   175692   5.62
  1998        90-94     0.21193  0.66962  2.25   14850    9944   46919    61873   4.17
  1998        95-99     0.30980  0.80445  2.01    4906    3947   12740    14954   3.05
  1998       100-104    0.42284  0.89511  1.78     959     859    2031     2214   2.31
  1998       105-109    0.54485  0.94677  1.55     101      95     175      183   1.82
  1998       110+       0.64376  1.00000  1.55       5       5       8        8   1.55
  1999           0      0.00331  0.00330  0.14  100000     330   99717  7758824  77.59
  1999         1-4      0.00028  0.00111  1.61   99670     110  398415  7659108  76.84
  1999         5-9      0.00013  0.00065  2.89   99559      65  497660  7260692  72.93
  1999        10-14     0.00014  0.00070  2.28   99495      70  497284  6763032  67.97
  1999        15-19     0.00025  0.00125  2.48   99425     124  496813  6265749  63.02
  1999        20-24     0.00053  0.00265  2.68   99301     263  495892  5768936  58.10
  1999        25-29     0.00063  0.00313  2.41   99037     310  494383  5273044  53.24
  1999        30-34     0.00072  0.00359  2.50   98727     354  492749  4778660  48.40
  1999        35-39     0.00107  0.00534  2.59   98373     525  490598  4285911  43.57
  1999        40-44     0.00154  0.00769  2.73   97848     753  487527  3795313  38.79
  1999        45-49     0.00276  0.01370  2.58   97095    1330  482254  3307786  34.07
  1999        50-54     0.00400  0.01983  2.63   95765    1899  474327  2825533  29.50
  1999        55-59     0.00747  0.03669  2.58   93866    3444  460981  2351205  25.05
  1999        60-64     0.01205  0.05860  2.66   90422    5299  439711  1890225  20.90
  1999        65-69     0.01883  0.09026  2.72   85123    7683  408067  1450514  17.04
  1999        70-74     0.03229  0.15012  2.66   77440   11625  360016  1042447  13.46
  1999        75-79     0.05186  0.23051  2.59   65815   15171  292508   682431  10.37
  1999        80-84     0.09032  0.36854  2.50   50644   18664  206640   389923   7.70
  1999        85-89     0.13909  0.51251  2.43   31980   16390  117833   183283   5.73
  1999        90-94     0.21225  0.66589  2.20   15590   10381   48910    65450   4.20
  1999        95-99     0.29583  0.78847  2.04    5209    4107   13883    16540   3.18
  1999       100-104    0.40319  0.88265  1.82    1102     972    2412     2658   2.41
  1999       105-109    0.52081  0.93888  1.59     129     121     233      246   1.90
  1999       110+       0.61725  1.00000  1.62       8       8      13       13   1.62
  2000           0      0.00356  0.00355  0.14  100000     355   99695  7778780  77.79
  2000         1-4      0.00022  0.00090  1.89   99645      90  398390  7679085  77.06
  2000         5-9      0.00012  0.00060  2.69   99555      60  497638  7280695  73.13
  2000        10-14     0.00015  0.00075  2.75   99495      75  497310  6783057  68.17
  2000        15-19     0.00019  0.00095  2.98   99421      95  496913  6285747  63.22
  2000        20-24     0.00049  0.00246  2.67   99326     245  496061  5788834  58.28
  2000        25-29     0.00072  0.00362  2.73   99081     358  494592  5292773  53.42
  2000        30-34     0.00071  0.00354  2.37   98723     350  492693  4798182  48.60
  2000        35-39     0.00101  0.00502  2.54   98373     494  490649  4305489  43.77
  2000        40-44     0.00159  0.00792  2.78   97879     776  487675  3814839  38.97
  2000        45-49     0.00260  0.01292  2.61   97103    1255  482515  3327164  34.26
  2000        50-54     0.00416  0.02059  2.62   95848    1973  474541  2844649  29.68
  2000        55-59     0.00713  0.03508  2.67   93875    3293  461700  2370108  25.25
  2000        60-64     0.01130  0.05506  2.69   90582    4988  441414  1908409  21.07
  2000        65-69     0.01886  0.09036  2.68   85595    7734  410017  1466995  17.14
  2000        70-74     0.03093  0.14388  2.59   77861   11203  362252  1056978  13.58
  2000        75-79     0.05100  0.22719  2.60   66658   15144  296934   694725  10.42
  2000        80-84     0.09039  0.36802  2.48   51514   18958  209737   397791   7.72
  2000        85-89     0.14009  0.51512  2.43   32556   16770  119711   188054   5.78
  2000        90-94     0.20463  0.65229  2.22   15786   10297   50320    68343   4.33
  2000        95-99     0.28513  0.77516  2.06    5489    4255   14922    18023   3.28
  2000       100-104    0.38592  0.87036  1.85    1234    1074    2783     3101   2.51
  2000       105-109    0.49754  0.93003  1.63     160     149     299      318   1.99
  2000       110+       0.58979  1.00000  1.70      11      11      19       19   1.70
  2001           0      0.00288  0.00287  0.14  100000     287   99754  7820676  78.21
  2001         1-4      0.00028  0.00113  1.46   99713     112  398565  7720923  77.43
  2001         5-9      0.00013  0.00066  2.29   99600      66  497823  7322358  73.52
  2001        10-14     0.00012  0.00058  2.54   99535      58  497531  6824535  68.56
  2001        15-19     0.00026  0.00132  2.77   99477     131  497091  6327004  63.60
  2001        20-24     0.00050  0.00249  2.74   99346     248  496168  5829913  58.68
  2001        25-29     0.00089  0.00443  2.57   99098     439  494424  5333745  53.82
  2001        30-34     0.00076  0.00377  2.52   98659     372  492375  4839321  49.05
  2001        35-39     0.00096  0.00477  2.50   98287     469  490264  4346946  44.23
  2001        40-44     0.00153  0.00761  2.70   97818     745  487375  3856682  39.43
  2001        45-49     0.00276  0.01373  2.68   97073    1333  482276  3369307  34.71
  2001        50-54     0.00400  0.01982  2.61   95741    1897  474174  2887031  30.15
  2001        55-59     0.00693  0.03414  2.76   93843    3203  462039  2412857  25.71
  2001        60-64     0.01032  0.05037  2.66   90640    4566  442504  1950818  21.52
  2001        65-69     0.01793  0.08613  2.71   86074    7413  413388  1508314  17.52
  2001        70-74     0.03042  0.14197  2.66   78661   11168  367162  1094926  13.92
  2001        75-79     0.04887  0.21892  2.62   67494   14776  302356   727765  10.78
  2001        80-84     0.08428  0.34802  2.50   52718   18347  217690   425408   8.07
  2001        85-89     0.12897  0.48173  2.37   34371   16558  128387   207718   6.04
  2001        90-94     0.19492  0.63334  2.24   17813   11282   57880    79330   4.45
  2001        95-99     0.28426  0.77490  2.07    6531    5061   17805    21451   3.28
  2001       100-104    0.39108  0.87469  1.84    1470    1286    3288     3646   2.48
  2001       105-109    0.50949  0.93501  1.62     184     172     338      358   1.94
  2001       110+       0.60717  1.00000  1.65      12      12      20       20   1.65
  2002           0      0.00297  0.00296  0.14  100000     296   99746  7838633  78.39
  2002         1-4      0.00021  0.00083  1.54   99704      83  398611  7738887  77.62
  2002         5-9      0.00011  0.00055  2.53   99621      55  497970  7340276  73.68
  2002        10-14     0.00017  0.00086  2.40   99566      85  497610  6842307  68.72
  2002        15-19     0.00025  0.00126  2.84   99481     125  497135  6344697  63.78
  2002        20-24     0.00062  0.00308  2.71   99356     306  496077  5847562  58.85
  2002        25-29     0.00076  0.00381  2.70   99050     378  494380  5351485  54.03
  2002        30-34     0.00083  0.00416  2.35   98672     411  492274  4857104  49.22
  2002        35-39     0.00110  0.00551  2.54   98262     541  489975  4364831  44.42
  2002        40-44     0.00150  0.00749  2.73   97720     732  486944  3874856  39.65
  2002        45-49     0.00248  0.01232  2.68   96988    1195  482164  3387913  34.93
  2002        50-54     0.00396  0.01960  2.62   95793    1878  474504  2905749  30.33
  2002        55-59     0.00654  0.03224  2.80   93915    3027  462925  2431244  25.89
  2002        60-64     0.01064  0.05190  2.62   90888    4717  443213  1968320  21.66
  2002        65-69     0.01720  0.08270  2.69   86171    7126  414416  1525107  17.70
  2002        70-74     0.02938  0.13728  2.62   79044   10851  369371  1110690  14.05
  2002        75-79     0.04817  0.21575  2.59   68193   14713  305456   741320  10.87
  2002        80-84     0.08322  0.34597  2.56   53480   18503  222344   435863   8.15
  2002        85-89     0.13063  0.48866  2.42   34977   17092  130845   213520   6.10
  2002        90-94     0.18515  0.61847  2.32   17885   11062   59743    82675   4.62
  2002        95-99     0.27686  0.76547  2.08    6824    5223   18866    22932   3.36
  2002       100-104    0.38098  0.86734  1.86    1600    1388    3643     4066   2.54
  2002       105-109    0.49728  0.93032  1.64     212     198     397      422   1.99
  2002       110+       0.59369  1.00000  1.68      15      15      25       25   1.68
  2003           0      0.00282  0.00282  0.14  100000     282   99759  7812127  78.12
  2003         1-4      0.00024  0.00097  1.31   99718      97  398612  7712368  77.34
  2003         5-9      0.00010  0.00051  2.84   99621      51  497996  7313756  73.42
  2003        10-14     0.00010  0.00052  2.27   99570      52  497709  6815760  68.45
  2003        15-19     0.00025  0.00126  3.08   99518     125  497351  6318051  63.49
  2003        20-24     0.00054  0.00269  2.65   99393     268  496338  5820699  58.56
  2003        25-29     0.00076  0.00379  2.65   99125     376  494745  5324362  53.71
  2003        30-34     0.00072  0.00360  2.62   98749     356  492899  4829617  48.91
  2003        35-39     0.00111  0.00553  2.56   98394     544  490643  4336718  44.08
  2003        40-44     0.00156  0.00775  2.61   97850     759  487435  3846075  39.31
  2003        45-49     0.00269  0.01335  2.68   97091    1296  482453  3358640  34.59
  2003        50-54     0.00418  0.02072  2.71   95795    1984  474431  2876187  30.02
  2003        55-59     0.00673  0.03314  2.73   93810    3109  461984  2401756  25.60
  2003        60-64     0.01152  0.05608  2.64   90702    5087  441482  1939772  21.39
  2003        65-69     0.01660  0.07986  2.62   85615    6837  411820  1498290  17.50
  2003        70-74     0.02967  0.13861  2.63   78778   10919  368005  1086470  13.79
  2003        75-79     0.05184  0.23056  2.60   67859   15646  301812   718465  10.59
  2003        80-84     0.08432  0.34786  2.49   52213   18163  215406   416653   7.98
  2003        85-89     0.13571  0.50304  2.43   34051   17129  126214   201247   5.91
  2003        90-94     0.19764  0.63943  2.24   16922   10820   54748    75033   4.43
  2003        95-99     0.28056  0.76996  2.07    6101    4698   16745    20286   3.32
  2003       100-104    0.38403  0.86941  1.85    1404    1220    3178     3541   2.52
  2003       105-109    0.49917  0.93094  1.63     183     171     342      363   1.98
  2003       110+       0.59446  1.00000  1.68      13      13      21       21   1.68
  2004           0      0.00337  0.00336  0.14  100000     336   99712  7856802  78.57
  2004         1-4      0.00020  0.00080  1.23   99664      80  398433  7757090  77.83
  2004         5-9      0.00008  0.00039  3.01   99584      39  497841  7358657  73.89
  2004        10-14     0.00011  0.00055  2.76   99545      55  497600  6860816  68.92
  2004        15-19     0.00026  0.00129  2.58   99490     129  497138  6363216  63.96
  2004        20-24     0.00044  0.00218  2.45   99361     217  496253  5866078  59.04
  2004        25-29     0.00069  0.00347  2.50   99145     344  494863  5369825  54.16
  2004        30-34     0.00083  0.00415  2.41   98801     410  492943  4874962  49.34
  2004        35-39     0.00100  0.00500  2.83   98391     492  490884  4382019  44.54
  2004        40-44     0.00135  0.00672  2.76   97899     658  488024  3891135  39.75
  2004        45-49     0.00236  0.01174  2.71   97241    1142  483587  3403111  35.00
  2004        50-54     0.00385  0.01910  2.69   96099    1836  476255  2919524  30.38
  2004        55-59     0.00620  0.03057  2.60   94263    2881  464403  2443269  25.92
  2004        60-64     0.01104  0.05377  2.59   91382    4913  445089  1978866  21.65
  2004        65-69     0.01675  0.08059  2.67   86469    6969  416096  1533777  17.74
  2004        70-74     0.02808  0.13185  2.69   79500   10482  373298  1117681  14.06
  2004        75-79     0.04810  0.21561  2.60   69018   14881  309375   744383  10.79
  2004        80-84     0.08146  0.33966  2.56   54137   18388  225732   435008   8.04
  2004        85-89     0.13378  0.49930  2.46   35749   17849  133427   209276   5.85
  2004        90-94     0.20502  0.65876  2.29   17900   11792   57515    75849   4.24
  2004        95-99     0.31406  0.81053  2.02    6108    4951   15764    18334   3.00
  2004       100-104    0.44013  0.90591  1.75    1157    1048    2382     2570   2.22
  2004       105-109    0.57496  0.95570  1.51     109     104     181      188   1.73
  2004       110+       0.68241  1.00000  1.47       5       5       7        7   1.47
  2005           0      0.00370  0.00369  0.14  100000     369   99684  7860808  78.61
  2005         1-4      0.00017  0.00069  1.36   99631      69  398344  7761124  77.90
  2005         5-9      0.00010  0.00048  2.15   99563      48  497677  7362780  73.95
  2005        10-14     0.00010  0.00052  2.29   99515      51  497435  6865103  68.99
  2005        15-19     0.00026  0.00129  2.72   99463     129  497023  6367668  64.02
  2005        20-24     0.00041  0.00206  2.78   99335     205  496219  5870644  59.10
  2005        25-29     0.00059  0.00293  2.75   99130     291  494998  5374425  54.22
  2005        30-34     0.00077  0.00384  2.54   98839     379  493266  4879427  49.37
  2005        35-39     0.00109  0.00542  2.74   98460     534  491094  4386161  44.55
  2005        40-44     0.00142  0.00710  2.74   97927     695  488065  3895068  39.78
  2005        45-49     0.00228  0.01134  2.65   97232    1103  483573  3407003  35.04
  2005        50-54     0.00363  0.01801  2.65   96129    1731  476585  2923430  30.41
  2005        55-59     0.00614  0.03025  2.68   94398    2856  465362  2446845  25.92
  2005        60-64     0.01011  0.04940  2.69   91542    4522  447261  1981484  21.65
  2005        65-69     0.01713  0.08229  2.62   87020    7161  418040  1534223  17.63
  2005        70-74     0.02832  0.13275  2.65   79859   10601  374365  1116183  13.98
  2005        75-79     0.04884  0.21845  2.59   69258   15129  309756   741818  10.71
  2005        80-84     0.08486  0.35120  2.55   54129   19010  224017   432062   7.98
  2005        85-89     0.13058  0.48817  2.42   35119   17144  131293   208045   5.92
  2005        90-94     0.20815  0.66402  2.27   17975   11936   57342    76752   4.27
  2005        95-99     0.29125  0.78363  2.05    6039    4733   16249    19410   3.21
  2005       100-104    0.40178  0.88217  1.82    1307    1153    2869     3160   2.42
  2005       105-109    0.52342  0.94004  1.59     154     145     277      291   1.89
  2005       110+       0.62317  1.00000  1.60       9       9      15       15   1.60
  2006           0      0.00297  0.00296  0.14  100000     296   99746  7934801  79.35
  2006         1-4      0.00026  0.00102  1.59   99704     102  398570  7835055  78.58
  2006         5-9      0.00012  0.00062  2.43   99602      62  497851  7436486  74.66
  2006        10-14     0.00012  0.00059  2.67   99540      59  497564  6938635  69.71
  2006        15-19     0.00019  0.00095  2.67   99481      95  497187  6441071  64.75
  2006        20-24     0.00039  0.00195  2.49   99387     194  496447  5943884  59.81
  2006        25-29     0.00067  0.00333  2.59   99193     330  495167  5447437  54.92
  2006        30-34     0.00067  0.00334  2.62   98863     330  493526  4952270  50.09
  2006        35-39     0.00096  0.00479  2.55   98532     472  491506  4458744  45.25
  2006        40-44     0.00141  0.00702  2.61   98061     688  488661  3967239  40.46
  2006        45-49     0.00204  0.01015  2.71   97372     988  484598  3478578  35.72
  2006        50-54     0.00368  0.01826  2.66   96384    1760  477806  2993979  31.06
  2006        55-59     0.00575  0.02838  2.63   94625    2686  466770  2516173  26.59
  2006        60-64     0.00985  0.04819  2.78   91939    4430  449849  2049403  22.29
  2006        65-69     0.01537  0.07424  2.70   87509    6497  422601  1599554  18.28
  2006        70-74     0.02656  0.12496  2.64   81012   10123  381142  1176953  14.53
  2006        75-79     0.04474  0.20232  2.64   70889   14342  320595   795811  11.23
  2006        80-84     0.07793  0.32712  2.55   56547   18498  237352   475216   8.40
  2006        85-89     0.12157  0.46357  2.44   38049   17639  145089   237864   6.25
  2006        90-94     0.18975  0.62172  2.23   20410   12690   66877    92775   4.55
  2006        95-99     0.27677  0.76604  2.09    7721    5914   21369    25898   3.35
  2006       100-104    0.38614  0.87168  1.85    1806    1575    4078     4529   2.51
  2006       105-109    0.50835  0.93490  1.62     232     217     426      451   1.95
  2006       110+       0.60942  1.00000  1.64      15      15      25       25   1.64
  2007           0      0.00301  0.00301  0.14  100000     301   99742  7918324  79.18
  2007         1-4      0.00014  0.00054  1.38   99699      54  398655  7818582  78.42
  2007         5-9      0.00010  0.00049  2.41   99645      49  498099  7419927  74.46
  2007        10-14     0.00011  0.00055  2.76   99596      55  497858  6921828  69.50
  2007        15-19     0.00021  0.00104  2.89   99542     103  497491  6423970  64.54
  2007        20-24     0.00037  0.00187  2.66   99438     186  496758  5926479  59.60
  2007        25-29     0.00054  0.00268  2.65   99253     266  495641  5429721  54.71
  2007        30-34     0.00082  0.00410  2.60   98987     406  493964  4934081  49.85
  2007        35-39     0.00102  0.00507  2.57   98581     500  491691  4440117  45.04
  2007        40-44     0.00130  0.00648  2.63   98081     635  488901  3948426  40.26
  2007        45-49     0.00223  0.01110  2.74   97446    1081  484783  3459525  35.50
  2007        50-54     0.00374  0.01852  2.63   96365    1785  477596  2974742  30.87
  2007        55-59     0.00587  0.02895  2.63   94580    2738  466411  2497146  26.40
  2007        60-64     0.01005  0.04914  2.70   91842    4513  448853  2030735  22.11
  2007        65-69     0.01586  0.07644  2.63   87330    6676  420819  1581883  18.11
  2007        70-74     0.02611  0.12284  2.60   80654    9908  379474  1161064  14.40
  2007        75-79     0.04555  0.20580  2.66   70746   14559  319635   781590  11.05
  2007        80-84     0.07682  0.32278  2.53   56187   18136  236093   461955   8.22
  2007        85-89     0.13360  0.49388  2.36   38051   18793  140664   225862   5.94
  2007        90-94     0.19256  0.62984  2.25   19259   12130   62993    85198   4.42
  2007        95-99     0.30101  0.79609  2.04    7129    5675   18853    22205   3.11
  2007       100-104    0.42268  0.89605  1.79    1454    1302    3082     3352   2.31
  2007       105-109    0.55487  0.95028  1.54     151     144     259      270   1.79
  2007       110+       0.66161  1.00000  1.51       8       8      11       11   1.51
  2008           0      0.00341  0.00340  0.14  100000     340   99709  7920845  79.21
  2008         1-4      0.00019  0.00075  1.51   99660      75  398453  7821136  78.48
  2008         5-9      0.00015  0.00076  2.26   99585      76  497717  7422683  74.54
  2008        10-14     0.00009  0.00046  2.91   99509      46  497449  6924966  69.59
  2008        15-19     0.00019  0.00094  3.04   99463      93  497132  6427517  64.62
  2008        20-24     0.00034  0.00172  2.57   99370     171  496433  5930385  59.68
  2008        25-29     0.00057  0.00285  2.51   99199     283  495291  5433952  54.78
  2008        30-34     0.00082  0.00411  2.63   98916     407  493619  4938661  49.93
  2008        35-39     0.00098  0.00490  2.50   98510     483  491341  4445042  45.12
  2008        40-44     0.00128  0.00638  2.55   98027     626  488601  3953701  40.33
  2008        45-49     0.00223  0.01107  2.71   97402    1078  484540  3465100  35.58
  2008        50-54     0.00360  0.01785  2.64   96323    1720  477550  2980559  30.94
  2008        55-59     0.00607  0.02990  2.61   94603    2828  466249  2503010  26.46
  2008        60-64     0.00931  0.04557  2.71   91775    4182  449301  2036760  22.19
  2008        65-69     0.01608  0.07747  2.64   87593    6786  421985  1587459  18.12
  2008        70-74     0.02578  0.12158  2.67   80807    9825  381110  1165474  14.42
  2008        75-79     0.04455  0.20102  2.57   70983   14269  320292   784364  11.05
  2008        80-84     0.07624  0.32142  2.56   56714   18229  239090   464072   8.18
  2008        85-89     0.13188  0.49230  2.43   38485   18946  143662   224982   5.85
  2008        90-94     0.20985  0.66296  2.22   19539   12953   61728    81320   4.16
  2008        95-99     0.31683  0.81405  2.01    6585    5361   16921    19592   2.98
  2008       100-104    0.44849  0.91070  1.74    1225    1115    2487     2671   2.18
  2008       105-109    0.58849  0.95919  1.49     109     105     178      185   1.69
  2008       110+       0.69893  1.00000  1.43       4       4       6        6   1.43
  2009           0      0.00291  0.00291  0.14  100000     291   99751  7974129  79.74
  2009         1-4      0.00021  0.00085  1.90   99709      85  398660  7874378  78.97
  2009         5-9      0.00007  0.00036  2.37   99624      36  498027  7475718  75.04
  2009        10-14     0.00008  0.00040  2.99   99588      40  497860  6977691  70.07
  2009        15-19     0.00019  0.00093  3.05   99548      93  497558  6479831  65.09
  2009        20-24     0.00046  0.00232  2.62   99455     231  496726  5982273  60.15
  2009        25-29     0.00055  0.00276  2.76   99224     274  495509  5485547  55.28
  2009        30-34     0.00082  0.00408  2.57   98951     404  493771  4990038  50.43
  2009        35-39     0.00095  0.00474  2.76   98547     467  491689  4496267  45.63
  2009        40-44     0.00122  0.00606  2.57   98080     595  488953  4004577  40.83
  2009        45-49     0.00220  0.01096  2.75   97485    1069  485019  3515624  36.06
  2009        50-54     0.00360  0.01787  2.66   96417    1723  478043  3030605  31.43
  2009        55-59     0.00580  0.02861  2.66   94693    2709  467123  2552562  26.96
  2009        60-64     0.00894  0.04375  2.58   91984    4024  450173  2085439  22.67
  2009        65-69     0.01501  0.07245  2.60   87960    6373  424493  1635265  18.59
  2009        70-74     0.02569  0.12118  2.66   81587    9886  384786  1210773  14.84
  2009        75-79     0.04280  0.19458  2.67   71701   13952  325939   825987  11.52
  2009        80-84     0.07112  0.30357  2.59   57749   17531  246508   500048   8.66
  2009        85-89     0.11735  0.45301  2.48   40219   18220  155264   253540   6.30
  2009        90-94     0.19177  0.63158  2.30   21999   13894   72453    98276   4.47
  2009        95-99     0.29249  0.78706  2.07    8105    6379   21810    25823   3.19
  2009       100-104    0.41852  0.89422  1.80    1726    1543    3688     4013   2.33
  2009       105-109    0.55656  0.95111  1.54     183     174     312      325   1.78
  2009       110+       0.66800  1.00000  1.50       9       9      13       13   1.50
  2010           0      0.00351  0.00350  0.14  100000     350   99700  7990252  79.90
  2010         1-4      0.00027  0.00110  2.14   99650     109  398396  7890552  79.18
  2010         5-9      0.00005  0.00027  1.99   99541      27  497623  7492156  75.27
  2010        10-14     0.00013  0.00063  3.14   99514      63  497453  6994534  70.29
  2010        15-19     0.00024  0.00121  2.46   99451     120  496951  6497081  65.33
  2010        20-24     0.00031  0.00155  2.83   99331     154  496321  6000130  60.41
  2010        25-29     0.00052  0.00258  2.79   99177     256  495320  5503809  55.49
  2010        30-34     0.00065  0.00326  2.90   98921     322  493930  5008489  50.63
  2010        35-39     0.00086  0.00428  2.55   98599     422  491964  4514560  45.79
  2010        40-44     0.00128  0.00637  2.55   98177     626  489352  4022595  40.97
  2010        45-49     0.00211  0.01048  2.76   97552    1022  485470  3533244  36.22
  2010        50-54     0.00344  0.01708  2.68   96529    1649  478829  3047773  31.57
  2010        55-59     0.00579  0.02859  2.72   94881    2712  468224  2568944  27.08
  2010        60-64     0.00911  0.04460  2.68   92168    4111  451303  2100720  22.79
  2010        65-69     0.01489  0.07203  2.75   88058    6342  426010  1649417  18.73
  2010        70-74     0.02497  0.11788  2.62   81715    9632  385690  1223407  14.97
  2010        75-79     0.04054  0.18532  2.69   72083   13359  329552   837717  11.62
  2010        80-84     0.06823  0.29289  2.59   58724   17199  252087   508165   8.65
  2010        85-89     0.12145  0.46512  2.48   41525   19314  159034   256078   6.17
  2010        90-94     0.19566  0.64335  2.34   22211   14289   73034    97044   4.37
  2010        95-99     0.30934  0.80707  2.04    7921    6393   20667    24010   3.03
  2010       100-104    0.44687  0.91055  1.75    1528    1392    3114     3343   2.19
  2010       105-109    0.59385  0.96075  1.48     137     131     221      229   1.67
  2010       110+       0.70923  1.00000  1.41       5       5       8        8   1.41
  2011           0      0.00300  0.00299  0.14  100000     299   99743  8026260  80.26
  2011         1-4      0.00020  0.00081  1.26   99701      81  398580  7926516  79.50
  2011         5-9      0.00007  0.00036  1.71   99619      36  497980  7527936  75.57
  2011        10-14     0.00012  0.00061  2.55   99584      61  497769  7029956  70.59
  2011        15-19     0.00019  0.00096  2.72   99523      95  497396  6532187  65.64
  2011        20-24     0.00036  0.00180  2.64   99427     179  496714  6034791  60.70
  2011        25-29     0.00044  0.00220  2.54   99248     218  495704  5538078  55.80
  2011        30-34     0.00064  0.00317  2.73   99030     314  494438  5042374  50.92
  2011        35-39     0.00098  0.00487  2.73   98716     481  492490  4547936  46.07
  2011        40-44     0.00126  0.00628  2.62   98235     617  489707  4055446  41.28
  2011        45-49     0.00211  0.01048  2.65   97618    1023  485691  3565739  36.53
  2011        50-54     0.00354  0.01754  2.71   96595    1695  479103  3080047  31.89
  2011        55-59     0.00546  0.02694  2.70   94901    2557  468625  2600944  27.41
  2011        60-64     0.00882  0.04320  2.66   92344    3989  452387  2132318  23.09
  2011        65-69     0.01489  0.07203  2.74   88355    6364  427362  1679932  19.01
  2011        70-74     0.02251  0.10702  2.71   81991    8775  389864  1252570  15.28
  2011        75-79     0.03887  0.17806  2.65   73216   13037  335396   862706  11.78
  2011        80-84     0.06905  0.29562  2.57   60179   17790  257637   527310   8.76
  2011        85-89     0.11260  0.43863  2.48   42389   18593  165128   269673   6.36
  2011        90-94     0.19856  0.64491  2.28   23796   15346   77286   104545   4.39
  2011        95-99     0.28813  0.78195  2.08    8450    6607   22931    27259   3.23
  2011       100-104    0.41389  0.89151  1.81    1842    1643    3968     4327   2.35
  2011       105-109    0.55233  0.94997  1.55     200     190     344      359   1.80
  2011       110+       0.66443  1.00000  1.51      10      10      15       15   1.51
  2012           0      0.00268  0.00268  0.14  100000     268   99771  8037548  80.38
  2012         1-4      0.00015  0.00058  1.82   99732      58  398803  7937778  79.59
  2012         5-9      0.00012  0.00058  1.67   99674      58  498178  7538974  75.64
  2012        10-14     0.00013  0.00063  2.54   99616      63  497926  7040797  70.68
  2012        15-19     0.00022  0.00111  2.62   99554     111  497504  6542870  65.72
  2012        20-24     0.00044  0.00220  2.72   99443     219  496713  6045367  60.79
  2012        25-29     0.00043  0.00214  2.70   99223     212  495630  5548654  55.92
  2012        30-34     0.00062  0.00311  2.52   99011     308  494293  5053025  51.03
  2012        35-39     0.00090  0.00449  2.70   98704     443  492501  4558731  46.19
  2012        40-44     0.00143  0.00713  2.66   98260     701  489661  4066230  41.38
  2012        45-49     0.00201  0.01000  2.75   97560     976  485605  3576569  36.66
  2012        50-54     0.00320  0.01586  2.72   96584    1532  479432  3090964  32.00
  2012        55-59     0.00537  0.02649  2.63   95052    2518  469280  2611533  27.47
  2012        60-64     0.00859  0.04206  2.59   92534    3892  453303  2142253  23.15
  2012        65-69     0.01380  0.06694  2.75   88642    5934  429866  1688950  19.05
  2012        70-74     0.02284  0.10838  2.64   82708    8964  392404  1259084  15.22
  2012        75-79     0.04045  0.18456  2.63   73744   13610  336431   866680  11.75
  2012        80-84     0.06609  0.28472  2.57   60134   17122  259050   530249   8.82
  2012        85-89     0.11499  0.44713  2.51   43013   19232  167254   271199   6.31
  2012        90-94     0.19797  0.64536  2.30   23780   15347   77522   103944   4.37
  2012        95-99     0.29763  0.79390  2.06    8433    6695   22495    26422   3.13
  2012       100-104    0.43148  0.90231  1.78    1738    1568    3635     3927   2.26
  2012       105-109    0.57676  0.95672  1.51     170     162     282      292   1.72
  2012       110+       0.69240  1.00000  1.44       7       7      11       11   1.44
  2013           0      0.00270  0.00270  0.14  100000     270   99769  8091798  80.92
  2013         1-4      0.00017  0.00069  1.62   99730      69  398758  7992029  80.14
  2013         5-9      0.00013  0.00067  2.78   99662      67  498160  7593271  76.19
  2013        10-14     0.00011  0.00057  2.55   99595      57  497834  7095112  71.24
  2013        15-19     0.00016  0.00082  2.96   99538      81  497524  6597277  66.28
  2013        20-24     0.00031  0.00153  2.34   99456     152  496878  6099754  61.33
  2013        25-29     0.00043  0.00216  2.48   99305     214  495985  5602875  56.42
  2013        30-34     0.00066  0.00330  2.63   99091     327  494677  5106891  51.54
  2013        35-39     0.00094  0.00468  2.68   98763     462  492744  4612214  46.70
  2013        40-44     0.00119  0.00594  2.61   98301     584  490110  4119470  41.91
  2013        45-49     0.00201  0.01000  2.68   97717     978  486320  3629360  37.14
  2013        50-54     0.00307  0.01525  2.66   96740    1475  480254  3143040  32.49
  2013        55-59     0.00527  0.02603  2.71   95265    2479  470655  2662786  27.95
  2013        60-64     0.00839  0.04112  2.64   92785    3816  454941  2192131  23.63
  2013        65-69     0.01284  0.06234  2.67   88970    5547  431925  1737190  19.53
  2013        70-74     0.02229  0.10579  2.59   83423    8826  395879  1305265  15.65
  2013        75-79     0.03639  0.16739  2.61   74597   12487  343156   909387  12.19
  2013        80-84     0.06138  0.26691  2.56   62110   16578  270094   566231   9.12
  2013        85-89     0.11062  0.43343  2.50   45532   19735  178404   296136   6.50
  2013        90-94     0.18312  0.60883  2.25   25797   15706   85768   117732   4.56
  2013        95-99     0.29338  0.78951  2.08   10091    7967   27156    31964   3.17
  2013       100-104    0.43038  0.90210  1.78    2124    1916    4452     4808   2.26
  2013       105-109    0.57959  0.95761  1.50     208     199     344      356   1.71
  2013       110+       0.69809  1.00000  1.43       9       9      13       13   1.43
  2014           0      0.00174  0.00173  0.15  100000     173   99852  8110610  81.11
  2014         1-4      0.00019  0.00076  1.54   99827      76  399119  8010758  80.25
  2014         5-9      0.00008  0.00040  2.34   99750      40  498645  7611639  76.31
  2014        10-14     0.00008  0.00042  2.73   99710      42  498457  7112994  71.34
  2014        15-19     0.00020  0.00099  3.06   99669      99  498152  6614536  66.37
  2014        20-24     0.00028  0.00138  2.91   99570     137  497564  6116384  61.43
  2014        25-29     0.00038  0.00189  2.60   99433     188  496713  5618820  56.51
  2014        30-34     0.00055  0.00273  2.46   99245     271  495537  5122108  51.61
  2014        35-39     0.00091  0.00454  2.77   98974     450  493870  4626570  46.75
  2014        40-44     0.00138  0.00690  2.73   98525     680  491078  4132700  41.95
  2014        45-49     0.00203  0.01011  2.61   97845     989  486862  3641622  37.22
  2014        50-54     0.00309  0.01535  2.65   96856    1487  480786  3154760  32.57
  2014        55-59     0.00527  0.02604  2.69   95369    2483  471107  2673973  28.04
  2014        60-64     0.00836  0.04101  2.70   92886    3810  455681  2202866  23.72
  2014        65-69     0.01231  0.05978  2.62   89076    5325  432724  1747185  19.61
  2014        70-74     0.02235  0.10604  2.60   83751    8881  397418  1314461  15.69
  2014        75-79     0.03584  0.16541  2.67   74870   12384  345513   917044  12.25
  2014        80-84     0.06366  0.27605  2.60   62486   17249  270966   571530   9.15
  2014        85-89     0.10630  0.42077  2.52   45237   19034  179061   300564   6.64
  2014        90-94     0.18098  0.61176  2.35   26202   16029   88570   121503   4.64
  2014        95-99     0.28619  0.78050  2.09   10173    7940   27744    32933   3.24
  2014       100-104    0.41837  0.89491  1.80    2233    1998    4776     5189   2.32
  2014       105-109    0.56389  0.95351  1.53     235     224     397      413   1.76
  2014       110+       0.68086  1.00000  1.47      11      11      16       16   1.47
  2015           0      0.00180  0.00180  0.15  100000     180   99846  8132814  81.33
  2015         1-4      0.00017  0.00066  1.97   99820      66  399145  8032968  80.47
  2015         5-9      0.00007  0.00035  2.81   99754      35  498692  7633822  76.53
  2015        10-14     0.00009  0.00043  2.91   99719      43  498503  7135130  71.55
  2015        15-19     0.00011  0.00053  3.15   99676      53  498280  6636627  66.58
  2015        20-24     0.00038  0.00189  2.53   99623     188  497651  6138346  61.62
  2015        25-29     0.00033  0.00163  2.71   99435     162  496804  5640695  56.73
  2015        30-34     0.00053  0.00266  2.39   99273     264  495676  5143891  51.82
  2015        35-39     0.00076  0.00381  2.82   99009     377  494223  4648215  46.95
  2015        40-44     0.00151  0.00755  2.62   98632     744  491386  4153992  42.12
  2015        45-49     0.00190  0.00944  2.67   97888     924  487288  3662606  37.42
  2015        50-54     0.00317  0.01573  2.68   96963    1526  481278  3175318  32.75
  2015        55-59     0.00515  0.02546  2.70   95438    2430  471609  2694040  28.23
  2015        60-64     0.00810  0.03976  2.63   93008    3698  456272  2222430  23.90
  2015        65-69     0.01270  0.06163  2.61   89310    5504  433411  1766158  19.78
  2015        70-74     0.02129  0.10150  2.71   83806    8507  399572  1332747  15.90
  2015        75-79     0.03497  0.16166  2.67   75299   12173  348092   933176  12.39
  2015        80-84     0.06181  0.26938  2.62   63126   17005  275121   585084   9.27
  2015        85-89     0.10345  0.41125  2.51   46121   18967  183351   309962   6.72
  2015        90-94     0.18088  0.61069  2.34   27154   16583   91678   126612   4.66
  2015        95-99     0.27925  0.77186  2.10   10571    8160   29220    34934   3.30
  2015       100-104    0.40962  0.88958  1.82    2412    2145    5238     5714   2.37
  2015       105-109    0.55443  0.95095  1.55     266     253     457      476   1.79
  2015       110+       0.67166  1.00000  1.49      13      13      19       19   1.49
  2016           0      0.00213  0.00213  0.15  100000     213   99818  8132687  81.33
  2016         1-4      0.00018  0.00072  1.86   99787      72  398996  8032869  80.50
  2016         5-9      0.00008  0.00040  2.58   99715      39  498482  7633873  76.56
  2016        10-14     0.00008  0.00041  3.19   99676      41  498306  7135391  71.59
  2016        15-19     0.00022  0.00110  2.28   99635     109  497878  6637085  66.61
  2016        20-24     0.00032  0.00161  2.64   99526     160  497252  6139207  61.68
  2016        25-29     0.00047  0.00233  2.43   99366     232  496233  5641956  56.78
  2016        30-34     0.00062  0.00310  2.81   99134     308  494996  5145723  51.91
  2016        35-39     0.00083  0.00416  2.44   98826     411  493081  4650727  47.06
  2016        40-44     0.00125  0.00622  2.62   98415     612  490622  4157646  42.25
  2016        45-49     0.00199  0.00989  2.62   97803     967  486713  3667024  37.49
  2016        50-54     0.00309  0.01535  2.66   96836    1486  480706  3180312  32.84
  2016        55-59     0.00534  0.02641  2.77   95350    2518  471136  2699605  28.31
  2016        60-64     0.00843  0.04134  2.66   92832    3838  455191  2228470  24.01
  2016        65-69     0.01294  0.06281  2.66   88994    5589  431912  1773279  19.93
  2016        70-74     0.02142  0.10217  2.76   83404    8522  397897  1341367  16.08
  2016        75-79     0.03473  0.16067  2.67   74883   12031  346375   943470  12.60
  2016        80-84     0.06000  0.26196  2.58   62852   16464  274409   597096   9.50
  2016        85-89     0.09798  0.39263  2.47   46387   18213  185886   322687   6.96
  2016        90-94     0.17039  0.58948  2.39   28174   16608   97469   136801   4.86
  2016        95-99     0.26981  0.75957  2.12   11566    8785   32561    39332   3.40
  2016       100-104    0.39745  0.88170  1.85    2781    2452    6169     6771   2.43
  2016       105-109    0.54097  0.94705  1.57     329     312     576      602   1.83
  2016       110+       0.65827  1.00000  1.52      17      17      26       26   1.52
  2017           0      0.00182  0.00182  0.15  100000     182   99844  8174484  81.74
  2017         1-4      0.00013  0.00051  1.83   99818      51  399160  8074640  80.89
  2017         5-9      0.00011  0.00056  2.39   99766      56  498686  7675480  76.93
  2017        10-14     0.00011  0.00056  3.25   99710      56  498453  7176794  71.98
  2017        15-19     0.00027  0.00136  2.67   99654     136  497955  6678341  67.02
  2017        20-24     0.00033  0.00163  2.64   99519     162  497211  6180386  62.10
  2017        25-29     0.00045  0.00227  2.60   99357     225  496242  5683175  57.20
  2017        30-34     0.00050  0.00250  2.70   99131     248  495087  5186932  52.32
  2017        35-39     0.00092  0.00459  2.77   98884     454  493406  4691845  47.45
  2017        40-44     0.00134  0.00668  2.77   98430     657  490687  4198439  42.65
  2017        45-49     0.00206  0.01024  2.82   97773    1001  486685  3707752  37.92
  2017        50-54     0.00319  0.01583  2.68   96772    1532  480298  3221067  33.29
  2017        55-59     0.00495  0.02450  2.77   95240    2333  470999  2740769  28.78
  2017        60-64     0.00797  0.03909  2.64   92907    3632  455948  2269770  24.43
  2017        65-69     0.01230  0.05976  2.62   89275    5335  433660  1813822  20.32
  2017        70-74     0.02014  0.09635  2.77   83939    8088  401629  1380162  16.44
  2017        75-79     0.03319  0.15378  2.62   75852   11664  351440   978533  12.90
  2017        80-84     0.05642  0.24802  2.56   64187   15920  282148   627093   9.77
  2017        85-89     0.09712  0.39054  2.49   48268   18850  194098   344945   7.15
  2017        90-94     0.15853  0.55895  2.36   29417   16443  103720   150847   5.13
  2017        95-99     0.24955  0.73057  2.16   12975    9479   37984    47127   3.63
  2017       100-104    0.36731  0.85934  1.90    3496    3004    8178     9144   2.62
  2017       105-109    0.50321  0.93415  1.63     492     459     913      965   1.96
  2017       110+       0.61681  1.00000  1.62      32      32      52       52   1.62
  2018           0      0.00160  0.00159  0.15  100000     159   99864  8203339  82.03
  2018         1-4      0.00009  0.00037  1.84   99841      37  399282  8103475  81.16
  2018         5-9      0.00007  0.00037  1.98   99803      37  498904  7704193  77.19
  2018        10-14     0.00012  0.00058  2.71   99766      58  498699  7205289  72.22
  2018        15-19     0.00020  0.00099  3.10   99709      99  498355  6706590  67.26
  2018        20-24     0.00035  0.00176  2.57   99610     175  497623  6208235  62.33
  2018        25-29     0.00044  0.00222  2.36   99434     221  496589  5710612  57.43
  2018        30-34     0.00053  0.00262  2.71   99213     260  495472  5214023  52.55
  2018        35-39     0.00072  0.00358  2.71   98953     354  493956  4718551  47.68
  2018        40-44     0.00143  0.00713  2.72   98599     703  491394  4224594  42.85
  2018        45-49     0.00189  0.00939  2.66   97896     919  487330  3733201  38.13
  2018        50-54     0.00312  0.01549  2.63   96977    1503  481318  3245871  33.47
  2018        55-59     0.00468  0.02315  2.67   95475    2210  472222  2764553  28.96
  2018        60-64     0.00782  0.03840  2.65   93265    3581  457905  2292331  24.58
  2018        65-69     0.01220  0.05931  2.65   89684    5319  435917  1834426  20.45
  2018        70-74     0.01982  0.09471  2.66   84365    7990  403151  1398509  16.58
  2018        75-79     0.03358  0.15527  2.58   76375   11859  353142   995357  13.03
  2018        80-84     0.05600  0.24665  2.59   64516   15913  284154   642215   9.95
  2018        85-89     0.09324  0.37800  2.50   48603   18372  197039   358062   7.37
  2018        90-94     0.15129  0.54395  2.42   30231   16444  108693   161022   5.33
  2018        95-99     0.23683  0.71074  2.19   13787    9799   41375    52330   3.80
  2018       100-104    0.34789  0.84283  1.94    3988    3361    9662    10954   2.75
  2018       105-109    0.47802  0.92384  1.68     627     579    1211     1293   2.06
  2018       110+       0.58808  1.00000  1.70      48      48      81       81   1.70
  2019           0      0.00158  0.00158  0.15  100000     158   99865  8207629  82.08
  2019         1-4      0.00014  0.00057  1.33   99842      57  399216  8107764  81.21
  2019         5-9      0.00004  0.00019  3.84   99785      19  498903  7708548  77.25
  2019        10-14     0.00009  0.00044  2.71   99766      44  498730  7209644  72.27
  2019        15-19     0.00025  0.00127  2.58   99722     127  498304  6710914  67.30
  2019        20-24     0.00026  0.00128  2.62   99595     127  497674  6212610  62.38
  2019        25-29     0.00044  0.00220  2.77   99468     219  496852  5714936  57.46
  2019        30-34     0.00060  0.00301  2.57   99249     298  495521  5218085  52.58
  2019        35-39     0.00079  0.00395  2.82   98951     391  493901  4722564  47.73
  2019        40-44     0.00143  0.00711  2.69   98560     701  491181  4228663  42.90
  2019        45-49     0.00214  0.01064  2.74   97860    1042  486939  3737482  38.19
  2019        50-54     0.00330  0.01636  2.73   96818    1584  480498  3250543  33.57
  2019        55-59     0.00476  0.02354  2.64   95234    2241  470883  2770045  29.09
  2019        60-64     0.00795  0.03906  2.70   92993    3632  456600  2299162  24.72
  2019        65-69     0.01224  0.05945  2.61   89361    5313  434093  1842562  20.62
  2019        70-74     0.01955  0.09337  2.61   84048    7847  401467  1408469  16.76
  2019        75-79     0.03264  0.15123  2.58   76201   11524  353086  1007002  13.22
  2019        80-84     0.05367  0.23792  2.62   64677   15388  286702   653917  10.11
  2019        85-89     0.09278  0.37707  2.52   49289   18586  200321   367214   7.45
  2019        90-94     0.14600  0.53470  2.50   30704   16417  112451   166893   5.44
  2019        95-99     0.23530  0.70862  2.19   14286   10124   43025    54442   3.81
  2019       100-104    0.34827  0.84346  1.94    4163    3511   10082    11417   2.74
  2019       105-109    0.48097  0.92530  1.68     652     603    1254     1336   2.05
  2019       110+       0.59323  1.00000  1.69      49      49      82       82   1.69
