Republic of Korea, Life tables (period 5x1), Males	Last modified: 15 Nov 2019;  Methods Protocol: v6 (2017)

  Year          Age         mx       qx    ax      lx      dx      Lx       Tx     ex
  2003           0      0.00600  0.00597  0.14  100000     597   99485  7375247  73.75
  2003         1-4      0.00037  0.00148  1.89   99403     147  397303  7275762  73.19
  2003         5-9      0.00022  0.00112  2.28   99256     111  495976  6878459  69.30
  2003        10-14     0.00018  0.00091  2.61   99144      90  495506  6382483  64.38
  2003        15-19     0.00050  0.00250  2.89   99054     248  494750  5886976  59.43
  2003        20-24     0.00070  0.00347  2.69   98807     343  493240  5392226  54.57
  2003        25-29     0.00089  0.00442  2.59   98464     435  491270  4898986  49.75
  2003        30-34     0.00117  0.00585  2.68   98029     573  488814  4407716  44.96
  2003        35-39     0.00185  0.00922  2.74   97455     899  485243  3918903  40.21
  2003        40-44     0.00313  0.01556  2.71   96557    1502  479339  3433659  35.56
  2003        45-49     0.00484  0.02395  2.66   95055    2276  469940  2954320  31.08
  2003        50-54     0.00728  0.03578  2.64   92778    3320  456065  2484380  26.78
  2003        55-59     0.00999  0.04882  2.64   89458    4368  436994  2028315  22.67
  2003        60-64     0.01624  0.07817  2.63   85091    6652  409699  1591322  18.70
  2003        65-69     0.02598  0.12244  2.65   78439    9604  369667  1181623  15.06
  2003        70-74     0.04191  0.19050  2.61   68835   13113  312889   811956  11.80
  2003        75-79     0.06822  0.29229  2.55   55722   16287  238732   499068   8.96
  2003        80-84     0.11139  0.43329  2.44   39435   17087  153394   260336   6.60
  2003        85-89     0.17816  0.60114  2.30   22348   13434   75407   106942   4.79
  2003        90-94     0.26012  0.74565  2.14    8914    6647   25552    31535   3.54
  2003        95-99     0.36466  0.85555  1.90    2267    1940    5319     5983   2.64
  2003       100-104    0.48568  0.92616  1.66     328     303     625      664   2.03
  2003       105-109    0.60908  0.96289  1.45      24      23      38       40   1.63
  2003       110+       0.70530  1.00000  1.42       1       1       1        1   1.42
  2004           0      0.00509  0.00507  0.14  100000     507   99563  7426940  74.27
  2004         1-4      0.00036  0.00145  1.80   99493     144  397654  7327376  73.65
  2004         5-9      0.00023  0.00114  2.33   99349     114  496439  6929723  69.75
  2004        10-14     0.00018  0.00088  2.54   99235      88  495960  6433283  64.83
  2004        15-19     0.00043  0.00216  2.83   99147     214  495272  5937324  59.88
  2004        20-24     0.00059  0.00295  2.54   98933     292  493947  5442052  55.01
  2004        25-29     0.00075  0.00372  2.62   98641     367  492332  4948105  50.16
  2004        30-34     0.00096  0.00477  2.69   98274     469  490286  4455773  45.34
  2004        35-39     0.00170  0.00847  2.69   97805     829  487107  3965487  40.54
  2004        40-44     0.00290  0.01438  2.71   96976    1395  481691  3478380  35.87
  2004        45-49     0.00467  0.02311  2.66   95581    2209  472744  2996689  31.35
  2004        50-54     0.00701  0.03446  2.65   93372    3218  459291  2523945  27.03
  2004        55-59     0.00992  0.04843  2.62   90154    4367  440396  2064654  22.90
  2004        60-64     0.01556  0.07507  2.68   85787    6440  413993  1624258  18.93
  2004        65-69     0.02514  0.11870  2.65   79347    9419  374586  1210265  15.25
  2004        70-74     0.04103  0.18695  2.63   69928   13073  318624   835679  11.95
  2004        75-79     0.06680  0.28724  2.56   56855   16331  244487   517055   9.09
  2004        80-84     0.10970  0.42898  2.46   40524   17384  158467   272568   6.73
  2004        85-89     0.17092  0.58659  2.33   23140   13574   79415   114101   4.93
  2004        90-94     0.25139  0.72530  2.08    9566    6939   27601    34686   3.63
  2004        95-99     0.35614  0.84850  1.92    2628    2230    6261     7084   2.70
  2004       100-104    0.47558  0.92182  1.68     398     367     772      823   2.07
  2004       105-109    0.59849  0.96058  1.47      31      30      50       52   1.66
  2004       110+       0.69501  1.00000  1.44       1       1       2        2   1.44
  2005           0      0.00439  0.00437  0.14  100000     437   99624  7486126  74.86
  2005         1-4      0.00034  0.00135  1.81   99563     134  397957  7386502  74.19
  2005         5-9      0.00020  0.00102  2.37   99429     102  496876  6988545  70.29
  2005        10-14     0.00017  0.00082  2.71   99327      82  496447  6491669  65.36
  2005        15-19     0.00041  0.00203  2.76   99245     201  495775  5995222  60.41
  2005        20-24     0.00058  0.00290  2.57   99044     288  494521  5499447  55.53
  2005        25-29     0.00074  0.00368  2.53   98756     363  492885  5004927  50.68
  2005        30-34     0.00100  0.00498  2.60   98393     490  490790  4512042  45.86
  2005        35-39     0.00153  0.00762  2.73   97903     746  487822  4021252  41.07
  2005        40-44     0.00263  0.01309  2.71   97157    1272  482871  3533430  36.37
  2005        45-49     0.00436  0.02157  2.64   95885    2069  474551  3050559  31.81
  2005        50-54     0.00649  0.03197  2.64   93817    2999  461996  2576007  27.46
  2005        55-59     0.00909  0.04448  2.58   90817    4040  444313  2114011  23.28
  2005        60-64     0.01456  0.07042  2.67   86778    6111  419645  1669699  19.24
  2005        65-69     0.02381  0.11274  2.65   80667    9094  381994  1250054  15.50
  2005        70-74     0.03891  0.17791  2.60   71572   12733  327262   868060  12.13
  2005        75-79     0.06509  0.28101  2.57   58839   16534  254041   540798   9.19
  2005        80-84     0.10656  0.41915  2.46   42305   17732  166408   286757   6.78
  2005        85-89     0.17353  0.59569  2.37   24572   14638   84351   120348   4.90
  2005        90-94     0.25123  0.72887  2.12    9935    7241   28823    35998   3.62
  2005        95-99     0.36071  0.85270  1.91    2694    2297    6368     7174   2.66
  2005       100-104    0.48422  0.92579  1.66     397     367     759      807   2.03
  2005       105-109    0.61041  0.96329  1.45      29      28      46       48   1.63
  2005       110+       0.70864  1.00000  1.41       1       1       2        2   1.41
  2006           0      0.00442  0.00440  0.14  100000     440   99621  7543069  75.43
  2006         1-4      0.00030  0.00118  1.66   99560     118  397963  7443447  74.76
  2006         5-9      0.00017  0.00087  2.31   99442      87  496977  7045485  70.85
  2006        10-14     0.00017  0.00087  2.79   99355      86  496586  6548507  65.91
  2006        15-19     0.00039  0.00196  2.83   99269     194  495925  6051921  60.96
  2006        20-24     0.00051  0.00253  2.60   99075     251  494772  5555996  56.08
  2006        25-29     0.00069  0.00344  2.66   98824     340  493323  5061224  51.21
  2006        30-34     0.00084  0.00421  2.60   98484     414  491425  4567901  46.38
  2006        35-39     0.00138  0.00690  2.73   98070     677  488813  4076475  41.57
  2006        40-44     0.00243  0.01208  2.68   97393    1177  484236  3587663  36.84
  2006        45-49     0.00410  0.02030  2.64   96216    1953  476480  3103427  32.25
  2006        50-54     0.00620  0.03055  2.66   94263    2879  464569  2626947  27.87
  2006        55-59     0.00890  0.04359  2.61   91384    3983  447412  2162377  23.66
  2006        60-64     0.01320  0.06407  2.70   87400    5600  424133  1714965  19.62
  2006        65-69     0.02268  0.10772  2.67   81800    8811  388503  1290832  15.78
  2006        70-74     0.03731  0.17139  2.63   72989   12510  335309   902329  12.36
  2006        75-79     0.06312  0.27423  2.61   60479   16585  262755   567019   9.38
  2006        80-84     0.10436  0.41417  2.51   43894   18180  174203   304264   6.93
  2006        85-89     0.16556  0.57616  2.36   25715   14816   89488   130061   5.06
  2006        90-94     0.24233  0.71484  2.13   10899    7791   32150    40573   3.72
  2006        95-99     0.35370  0.84692  1.92    3108    2632    7442     8423   2.71
  2006       100-104    0.47688  0.92272  1.68     476     439     921      981   2.06
  2006       105-109    0.60364  0.96189  1.46      37      35      59       61   1.65
  2006       110+       0.70275  1.00000  1.42       1       1       2        2   1.42
  2007           0      0.00408  0.00406  0.14  100000     406   99651  7584214  75.84
  2007         1-4      0.00030  0.00120  1.68   99594     120  398096  7484563  75.15
  2007         5-9      0.00016  0.00081  2.26   99474      81  497147  7086467  71.24
  2007        10-14     0.00016  0.00079  2.72   99393      79  496785  6589320  66.30
  2007        15-19     0.00044  0.00221  2.73   99314     219  496075  6092534  61.35
  2007        20-24     0.00054  0.00272  2.60   99095     269  494829  5596460  56.48
  2007        25-29     0.00074  0.00367  2.51   98826     363  493227  5101630  51.62
  2007        30-34     0.00087  0.00432  2.62   98463     425  491303  4608403  46.80
  2007        35-39     0.00129  0.00643  2.73   98037     630  488757  4117100  42.00
  2007        40-44     0.00239  0.01189  2.72   97408    1158  484394  3628343  37.25
  2007        45-49     0.00386  0.01911  2.71   96250    1839  477028  3143949  32.66
  2007        50-54     0.00572  0.02823  2.63   94411    2666  465738  2666921  28.25
  2007        55-59     0.00855  0.04189  2.62   91745    3843  449579  2201183  23.99
  2007        60-64     0.01253  0.06088  2.68   87902    5351  427079  1751603  19.93
  2007        65-69     0.02137  0.10176  2.67   82550    8401  393145  1324524  16.05
  2007        70-74     0.03521  0.16242  2.62   74150   12044  342078   931380  12.56
  2007        75-79     0.06080  0.26478  2.56   62106   16444  270474   589302   9.49
  2007        80-84     0.10213  0.40702  2.51   45662   18585  181973   318828   6.98
  2007        85-89     0.16297  0.56842  2.34   27076   15391   94437   136855   5.05
  2007        90-94     0.25149  0.73386  2.16   11686    8576   34100    42418   3.63
  2007        95-99     0.35871  0.85153  1.92    3110    2648    7383     8318   2.67
  2007       100-104    0.48602  0.92686  1.66     462     428     881      935   2.03
  2007       105-109    0.61598  0.96459  1.44      34      33      53       55   1.62
  2007       110+       0.71663  1.00000  1.40       1       1       2        2   1.40
  2008           0      0.00353  0.00352  0.14  100000     352   99698  7629381  76.29
  2008         1-4      0.00028  0.00112  1.63   99648     112  398327  7529683  75.56
  2008         5-9      0.00014  0.00072  2.36   99536      72  497490  7131356  71.65
  2008        10-14     0.00014  0.00068  2.64   99464      68  497160  6633866  66.70
  2008        15-19     0.00039  0.00196  2.77   99396     195  496547  6136707  61.74
  2008        20-24     0.00057  0.00284  2.72   99201     282  495363  5640160  56.86
  2008        25-29     0.00074  0.00372  2.58   98919     368  493708  5144797  52.01
  2008        30-34     0.00081  0.00403  2.70   98552     397  491845  4651089  47.19
  2008        35-39     0.00133  0.00664  2.67   98155     651  489257  4159244  42.37
  2008        40-44     0.00226  0.01123  2.71   97504    1095  485013  3669987  37.64
  2008        45-49     0.00373  0.01848  2.68   96409    1781  477909  3184974  33.04
  2008        50-54     0.00555  0.02740  2.65   94627    2593  467049  2707065  28.61
  2008        55-59     0.00828  0.04062  2.62   92034    3739  451284  2240017  24.34
  2008        60-64     0.01183  0.05756  2.64   88296    5083  429483  1788732  20.26
  2008        65-69     0.02015  0.09625  2.68   83213    8009  397468  1359249  16.33
  2008        70-74     0.03453  0.15968  2.65   75204   12009  347745   961782  12.79
  2008        75-79     0.05734  0.25218  2.61   63196   15937  277911   614037   9.72
  2008        80-84     0.09830  0.39385  2.48   47259   18613  189352   336126   7.11
  2008        85-89     0.16354  0.56978  2.34   28646   16322   99805   146774   5.12
  2008        90-94     0.23442  0.69747  2.10   12324    8596   36668    46969   3.81
  2008        95-99     0.34605  0.84044  1.94    3728    3134    9055    10300   2.76
  2008       100-104    0.46943  0.91953  1.69     595     547    1165     1245   2.09
  2008       105-109    0.59733  0.96057  1.47      48      46      77       80   1.66
  2008       110+       0.69774  1.00000  1.43       2       2       3        3   1.43
  2009           0      0.00338  0.00337  0.14  100000     337   99711  7673645  76.74
  2009         1-4      0.00021  0.00085  1.64   99663      84  398453  7573934  76.00
  2009         5-9      0.00017  0.00087  2.45   99579      87  497672  7175481  72.06
  2009        10-14     0.00015  0.00074  2.67   99492      74  497286  6677809  67.12
  2009        15-19     0.00039  0.00195  2.75   99418     194  496653  6180522  62.17
  2009        20-24     0.00057  0.00285  2.68   99224     283  495465  5683869  57.28
  2009        25-29     0.00074  0.00371  2.58   98941     367  493820  5188404  52.44
  2009        30-34     0.00094  0.00467  2.55   98574     460  491746  4694585  47.62
  2009        35-39     0.00133  0.00664  2.69   98114     651  489069  4202839  42.84
  2009        40-44     0.00227  0.01129  2.70   97463    1100  484778  3713770  38.10
  2009        45-49     0.00362  0.01795  2.70   96362    1730  477838  3228992  33.51
  2009        50-54     0.00561  0.02766  2.65   94632    2618  467008  2751154  29.07
  2009        55-59     0.00777  0.03813  2.63   92015    3508  451771  2284146  24.82
  2009        60-64     0.01160  0.05646  2.66   88506    4997  430842  1832375  20.70
  2009        65-69     0.01877  0.08993  2.68   83509    7510  400152  1401534  16.78
  2009        70-74     0.03226  0.14990  2.64   75999   11392  353127  1001382  13.18
  2009        75-79     0.05460  0.24165  2.62   64607   15612  285921   648255  10.03
  2009        80-84     0.09374  0.38026  2.52   48995   18631  198757   362334   7.40
  2009        85-89     0.15047  0.53950  2.38   30364   16381  108868   163578   5.39
  2009        90-94     0.22883  0.69714  2.20   13983    9748   42599    54710   3.91
  2009        95-99     0.33263  0.82826  1.97    4235    3507   10545    12111   2.86
  2009       100-104    0.45518  0.91294  1.72     727     664    1459     1566   2.15
  2009       105-109    0.58398  0.95756  1.49      63      61     104      108   1.70
  2009       110+       0.68601  1.00000  1.46       3       3       4        4   1.46
  2010           0      0.00400  0.00398  0.14  100000     398   99658  7686959  76.87
  2010         1-4      0.00022  0.00090  1.66   99602      89  398199  7587301  76.18
  2010         5-9      0.00013  0.00066  2.52   99513      65  497401  7189103  72.24
  2010        10-14     0.00015  0.00073  2.85   99447      72  497081  6691701  67.29
  2010        15-19     0.00038  0.00190  2.84   99375     188  496468  6194621  62.34
  2010        20-24     0.00056  0.00279  2.64   99187     277  495280  5698153  57.45
  2010        25-29     0.00075  0.00374  2.53   98910     370  493637  5202873  52.60
  2010        30-34     0.00090  0.00450  2.54   98540     443  491610  4709237  47.79
  2010        35-39     0.00128  0.00640  2.63   98097     628  488997  4217627  42.99
  2010        40-44     0.00220  0.01095  2.72   97470    1068  484910  3728629  38.25
  2010        45-49     0.00353  0.01750  2.69   96402    1687  478113  3243720  33.65
  2010        50-54     0.00532  0.02627  2.65   94715    2488  467727  2765607  29.20
  2010        55-59     0.00780  0.03831  2.64   92227    3533  452799  2297880  24.92
  2010        60-64     0.01119  0.05447  2.59   88693    4831  431820  1845082  20.80
  2010        65-69     0.01805  0.08663  2.67   83862    7265  402371  1413261  16.85
  2010        70-74     0.03173  0.14766  2.65   76598   11311  356429  1010890  13.20
  2010        75-79     0.05475  0.24223  2.62   65287   15815  288852   654461  10.02
  2010        80-84     0.09222  0.37497  2.51   49472   18551  201165   365609   7.39
  2010        85-89     0.15270  0.54394  2.36   30922   16820  110150   164444   5.32
  2010        90-94     0.23262  0.70153  2.17   14102    9893   42529    54294   3.85
  2010        95-99     0.34110  0.83657  1.95    4209    3521   10323    11765   2.80
  2010       100-104    0.46851  0.91952  1.70     688     633    1350     1442   2.10
  2010       105-109    0.60090  0.96157  1.46      55      53      89       92   1.65
  2010       110+       0.70449  1.00000  1.42       2       2       3        3   1.42
  2011           0      0.00347  0.00346  0.14  100000     346   99704  7735670  77.36
  2011         1-4      0.00022  0.00089  1.55   99654      89  398398  7635967  76.62
  2011         5-9      0.00011  0.00057  2.36   99565      57  497675  7237568  72.69
  2011        10-14     0.00014  0.00071  2.92   99508      71  497393  6739894  67.73
  2011        15-19     0.00037  0.00185  2.84   99437     184  496790  6242500  62.78
  2011        20-24     0.00052  0.00260  2.70   99254     258  495672  5745710  57.89
  2011        25-29     0.00075  0.00375  2.59   98995     371  494081  5250039  53.03
  2011        30-34     0.00085  0.00425  2.57   98624     419  492102  4755958  48.22
  2011        35-39     0.00123  0.00613  2.62   98205     602  489591  4263856  43.42
  2011        40-44     0.00201  0.01001  2.71   97603     977  485777  3774265  38.67
  2011        45-49     0.00331  0.01642  2.68   96626    1587  479445  3288487  34.03
  2011        50-54     0.00524  0.02588  2.63   95039    2460  469363  2809042  29.56
  2011        55-59     0.00745  0.03663  2.66   92579    3392  454968  2339679  25.27
  2011        60-64     0.01087  0.05298  2.65   89188    4726  434844  1884711  21.13
  2011        65-69     0.01679  0.08087  2.74   84462    6831  406884  1449867  17.17
  2011        70-74     0.03036  0.14170  2.66   77631   11001  362371  1042983  13.44
  2011        75-79     0.05202  0.23138  2.61   66631   15417  296371   680612  10.21
  2011        80-84     0.09003  0.36877  2.55   51213   18886  209769   384241   7.50
  2011        85-89     0.14869  0.53439  2.37   32328   17275  116184   174472   5.40
  2011        90-94     0.23092  0.70193  2.21   15052   10565   45754    58287   3.87
  2011        95-99     0.34108  0.83689  1.96    4487    3755   11009    12534   2.79
  2011       100-104    0.47128  0.92099  1.69     732     674    1430     1525   2.08
  2011       105-109    0.60630  0.96284  1.46      58      56      92       95   1.64
  2011       110+       0.71148  1.00000  1.41       2       2       3        3   1.41
  2012           0      0.00333  0.00332  0.14  100000     332   99715  7759703  77.60
  2012         1-4      0.00023  0.00093  1.63   99668      92  398451  7659988  76.86
  2012         5-9      0.00012  0.00060  2.30   99575      60  497715  7261537  72.93
  2012        10-14     0.00013  0.00066  2.78   99515      66  497430  6763822  67.97
  2012        15-19     0.00032  0.00162  2.87   99449     161  496903  6266393  63.01
  2012        20-24     0.00050  0.00251  2.67   99288     249  495861  5769490  58.11
  2012        25-29     0.00065  0.00325  2.58   99039     321  494416  5273628  53.25
  2012        30-34     0.00083  0.00415  2.64   98718     410  492622  4779212  48.41
  2012        35-39     0.00120  0.00599  2.64   98308     589  490151  4286590  43.60
  2012        40-44     0.00188  0.00934  2.73   97719     913  486518  3796439  38.85
  2012        45-49     0.00324  0.01607  2.68   96806    1556  480425  3309922  34.19
  2012        50-54     0.00493  0.02438  2.66   95250    2322  470811  2829496  29.71
  2012        55-59     0.00710  0.03490  2.62   92928    3243  456919  2358685  25.38
  2012        60-64     0.01048  0.05114  2.62   89685    4587  437486  1901766  21.20
  2012        65-69     0.01617  0.07795  2.69   85098    6633  410148  1464280  17.21
  2012        70-74     0.02955  0.13823  2.66   78465   10846  366990  1054132  13.43
  2012        75-79     0.05210  0.23161  2.61   67619   15661  300622   687142  10.16
  2012        80-84     0.09029  0.36879  2.52   51957   19162  212220   386520   7.44
  2012        85-89     0.15291  0.54712  2.40   32796   17943  117342   174300   5.31
  2012        90-94     0.23285  0.70393  2.19   14853   10455   44901    56958   3.83
  2012        95-99     0.34828  0.84347  1.94    4397    3709   10650    12057   2.74
  2012       100-104    0.48098  0.92530  1.68     688     637    1324     1407   2.04
  2012       105-109    0.61732  0.96514  1.44      51      50      80       83   1.61
  2012       110+       0.72259  1.00000  1.38       2       2       2        2   1.38
  2013           0      0.00305  0.00305  0.14  100000     305   99739  7817070  78.17
  2013         1-4      0.00020  0.00080  1.78   99695      79  398605  7717331  77.41
  2013         5-9      0.00013  0.00066  2.30   99616      66  497903  7318726  73.47
  2013        10-14     0.00012  0.00058  2.77   99550      57  497623  6820823  68.52
  2013        15-19     0.00030  0.00152  2.78   99493     151  497129  6323200  63.55
  2013        20-24     0.00047  0.00236  2.72   99342     235  496171  5826071  58.65
  2013        25-29     0.00061  0.00306  2.59   99107     303  494803  5329900  53.78
  2013        30-34     0.00082  0.00410  2.62   98804     405  493057  4835097  48.94
  2013        35-39     0.00117  0.00582  2.67   98399     573  490658  4342040  44.13
  2013        40-44     0.00187  0.00929  2.70   97826     909  487037  3851381  39.37
  2013        45-49     0.00305  0.01516  2.68   96917    1469  481175  3364344  34.71
  2013        50-54     0.00474  0.02342  2.65   95448    2235  471991  2883169  30.21
  2013        55-59     0.00687  0.03381  2.64   93213    3151  458632  2411178  25.87
  2013        60-64     0.01003  0.04900  2.62   90062    4413  439790  1952546  21.68
  2013        65-69     0.01509  0.07289  2.68   85649    6243  413771  1512756  17.66
  2013        70-74     0.02758  0.12953  2.66   79406   10285  372989  1098985  13.84
  2013        75-79     0.04925  0.22039  2.62   69121   15234  309295   725996  10.50
  2013        80-84     0.08498  0.35137  2.54   53887   18934  222819   416701   7.73
  2013        85-89     0.14382  0.52294  2.39   34952   18278  127092   193882   5.55
  2013        90-94     0.22073  0.68218  2.20   16674   11375   51532    66790   4.01
  2013        95-99     0.32946  0.82607  1.98    5299    4378   13287    15259   2.88
  2013       100-104    0.45837  0.91509  1.72     922     843    1840     1971   2.14
  2013       105-109    0.59381  0.96016  1.48      78      75     127      131   1.67
  2013       110+       0.70029  1.00000  1.43       3       3       4        4   1.43
  2014           0      0.00332  0.00332  0.14  100000     332   99716  7864939  78.65
  2014         1-4      0.00016  0.00063  1.67   99668      63  398526  7765223  77.91
  2014         5-9      0.00010  0.00047  2.38   99605      47  497902  7366697  73.96
  2014        10-14     0.00010  0.00049  2.81   99558      48  497684  6868795  68.99
  2014        15-19     0.00032  0.00161  2.74   99510     160  497187  6371111  64.03
  2014        20-24     0.00043  0.00214  2.63   99350     212  496245  5873924  59.12
  2014        25-29     0.00059  0.00294  2.62   99137     291  494995  5377680  54.24
  2014        30-34     0.00079  0.00394  2.53   98846     390  493268  4882684  49.40
  2014        35-39     0.00113  0.00562  2.68   98456     553  490998  4389417  44.58
  2014        40-44     0.00175  0.00869  2.70   97903     851  487559  3898419  39.82
  2014        45-49     0.00288  0.01433  2.70   97052    1391  482064  3410860  35.14
  2014        50-54     0.00460  0.02277  2.66   95662    2178  473208  2928796  30.62
  2014        55-59     0.00660  0.03250  2.65   93483    3038  460276  2455588  26.27
  2014        60-64     0.00949  0.04640  2.65   90445    4197  442341  1995313  22.06
  2014        65-69     0.01453  0.07028  2.66   86248    6062  417074  1552972  18.01
  2014        70-74     0.02582  0.12187  2.70   80186    9773  378423  1135898  14.17
  2014        75-79     0.04693  0.21132  2.64   70414   14880  317027   757474  10.76
  2014        80-84     0.08248  0.34326  2.56   55534   19062  231116   440448   7.93
  2014        85-89     0.13891  0.51070  2.41   36472   18626  134083   209331   5.74
  2014        90-94     0.20577  0.65669  2.25   17846   11719   56953    75248   4.22
  2014        95-99     0.31605  0.81243  2.01    6127    4977   15749    18296   2.99
  2014       100-104    0.44116  0.90634  1.75    1149    1041    2361     2547   2.22
  2014       105-109    0.57476  0.95558  1.51     108     103     179      186   1.73
  2014       110+       0.68123  1.00000  1.47       5       5       7        7   1.47
  2015           0      0.00302  0.00301  0.14  100000     301   99742  7896712  78.97
  2015         1-4      0.00018  0.00071  1.60   99699      71  398627  7796970  78.20
  2015         5-9      0.00011  0.00053  2.43   99628      53  498006  7398343  74.26
  2015        10-14     0.00010  0.00052  2.74   99576      51  497762  6900337  69.30
  2015        15-19     0.00026  0.00129  2.80   99524     128  497339  6402575  64.33
  2015        20-24     0.00043  0.00212  2.68   99396     211  496488  5905235  59.41
  2015        25-29     0.00060  0.00302  2.64   99185     299  495217  5408747  54.53
  2015        30-34     0.00072  0.00358  2.62   98885     354  493584  4913530  49.69
  2015        35-39     0.00101  0.00502  2.68   98531     494  491508  4419946  44.86
  2015        40-44     0.00165  0.00823  2.68   98037     807  488311  3928438  40.07
  2015        45-49     0.00279  0.01385  2.74   97230    1347  483101  3440128  35.38
  2015        50-54     0.00432  0.02140  2.66   95883    2052  474604  2957027  30.84
  2015        55-59     0.00625  0.03078  2.64   93831    2888  462331  2482423  26.46
  2015        60-64     0.00933  0.04565  2.65   90942    4151  444957  2020092  22.21
  2015        65-69     0.01408  0.06814  2.64   86791    5914  419968  1575135  18.15
  2015        70-74     0.02469  0.11683  2.70   80877    9449  382661  1155167  14.28
  2015        75-79     0.04581  0.20684  2.66   71428   14774  322501   772506  10.82
  2015        80-84     0.08009  0.33474  2.55   56654   18965  236788   450005   7.94
  2015        85-89     0.13848  0.50989  2.42   37690   19217  138776   213217   5.66
  2015        90-94     0.21849  0.67783  2.20   18472   12521   57307    74442   4.03
  2015        95-99     0.32904  0.82627  1.99    5951    4917   14944    17135   2.88
  2015       100-104    0.46276  0.91758  1.71    1034     949    2050     2191   2.12
  2015       105-109    0.60288  0.96236  1.46      85      82     136      141   1.65
  2015       110+       0.71220  1.00000  1.40       3       3       5        5   1.40
  2016           0      0.00305  0.00304  0.14  100000     304   99739  7933648  79.34
  2016         1-4      0.00017  0.00069  1.49   99696      69  398611  7833909  78.58
  2016         5-9      0.00010  0.00051  2.24   99627      50  497997  7435298  74.63
  2016        10-14     0.00009  0.00047  2.53   99577      46  497769  6937301  69.67
  2016        15-19     0.00029  0.00144  2.94   99530     143  497357  6439532  64.70
  2016        20-24     0.00040  0.00200  2.75   99387     199  496489  5942176  59.79
  2016        25-29     0.00056  0.00281  2.57   99188     278  495267  5445686  54.90
  2016        30-34     0.00072  0.00358  2.61   98910     354  493703  4950419  50.05
  2016        35-39     0.00097  0.00484  2.71   98556     477  491687  4456716  45.22
  2016        40-44     0.00161  0.00804  2.65   98079     789  488543  3965028  40.43
  2016        45-49     0.00258  0.01281  2.68   97290    1246  483566  3476486  35.73
  2016        50-54     0.00411  0.02034  2.60   96045    1954  475542  2992920  31.16
  2016        55-59     0.00607  0.02990  2.62   94091    2813  463768  2517378  26.75
  2016        60-64     0.00905  0.04431  2.65   91278    4045  446872  2053610  22.50
  2016        65-69     0.01370  0.06639  2.68   87233    5792  422746  1606738  18.42
  2016        70-74     0.02333  0.11080  2.74   81442    9024  386771  1183992  14.54
  2016        75-79     0.04361  0.19794  2.67   72418   14335  328687   797221  11.01
  2016        80-84     0.07895  0.33117  2.57   58083   19236  243633   468534   8.07
  2016        85-89     0.13326  0.49775  2.46   38848   19336  145103   224901   5.79
  2016        90-94     0.21507  0.67410  2.23   19511   13153   61154    79798   4.09
  2016        95-99     0.32223  0.81953  2.00    6359    5211   16172    18644   2.93
  2016       100-104    0.45465  0.91372  1.73    1148    1049    2306     2472   2.15
  2016       105-109    0.59456  0.96055  1.48      99      95     160      166   1.67
  2016       110+       0.70442  1.00000  1.42       4       4       6        6   1.42
  2017           0      0.00301  0.00300  0.14  100000     300   99743  7973213  79.73
  2017         1-4      0.00015  0.00061  1.75   99700      61  398661  7873470  78.97
  2017         5-9      0.00011  0.00055  2.18   99639      55  498038  7474809  75.02
  2017        10-14     0.00009  0.00047  2.68   99584      47  497810  6976770  70.06
  2017        15-19     0.00026  0.00131  2.87   99537     130  497406  6478960  65.09
  2017        20-24     0.00040  0.00202  2.68   99406     200  496568  5981554  60.17
  2017        25-29     0.00056  0.00281  2.63   99206     279  495369  5484985  55.29
  2017        30-34     0.00066  0.00331  2.55   98927     328  493833  4989617  50.44
  2017        35-39     0.00097  0.00486  2.67   98600     479  491882  4495784  45.60
  2017        40-44     0.00147  0.00733  2.70   98121     719  488949  4003902  40.81
  2017        45-49     0.00247  0.01226  2.69   97402    1194  484244  3514953  36.09
  2017        50-54     0.00397  0.01968  2.65   96207    1893  476581  3030709  31.50
  2017        55-59     0.00589  0.02904  2.64   94314    2738  465117  2554128  27.08
  2017        60-64     0.00846  0.04145  2.63   91576    3796  448897  2089011  22.81
  2017        65-69     0.01306  0.06333  2.64   87780    5559  425798  1640114  18.68
  2017        70-74     0.02185  0.10405  2.72   82221    8555  391627  1214316  14.77
  2017        75-79     0.04155  0.18932  2.66   73666   13946  335660   822689  11.17
  2017        80-84     0.07684  0.32395  2.58   59720   19346  251760   487030   8.16
  2017        85-89     0.13233  0.49454  2.45   40374   19966  150879   235270   5.83
  2017        90-94     0.21117  0.66617  2.23   20407   13595   64379    84391   4.14
  2017        95-99     0.32139  0.81890  2.01    6813    5579   17358    20012   2.94
  2017       100-104    0.45536  0.91422  1.73    1234    1128    2477     2653   2.15
  2017       105-109    0.59691  0.96115  1.47     106     102     170      176   1.67
  2017       110+       0.70783  1.00000  1.41       4       4       6        6   1.41
  2018           0      0.00314  0.00313  0.14  100000     313   99732  7980866  79.81
  2018         1-4      0.00013  0.00052  1.66   99687      52  398627  7881135  79.06
  2018         5-9      0.00008  0.00042  2.28   99635      42  498061  7482508  75.10
  2018        10-14     0.00010  0.00049  2.74   99593      49  497855  6984446  70.13
  2018        15-19     0.00025  0.00126  2.83   99545     126  497450  6486591  65.16
  2018        20-24     0.00040  0.00200  2.67   99419     199  496630  5989141  60.24
  2018        25-29     0.00053  0.00264  2.65   99220     262  495484  5492511  55.36
  2018        30-34     0.00071  0.00353  2.65   98958     349  493971  4997027  50.50
  2018        35-39     0.00100  0.00497  2.70   98609     491  491916  4503056  45.67
  2018        40-44     0.00148  0.00739  2.72   98118     725  488942  4011140  40.88
  2018        45-49     0.00246  0.01221  2.69   97394    1190  484225  3522198  36.16
  2018        50-54     0.00388  0.01921  2.67   96204    1848  476705  3037973  31.58
  2018        55-59     0.00578  0.02851  2.64   94356    2690  465426  2561268  27.14
  2018        60-64     0.00843  0.04133  2.66   91666    3788  449471  2095842  22.86
  2018        65-69     0.01302  0.06317  2.66   87878    5551  426401  1646370  18.73
  2018        70-74     0.02109  0.10051  2.66   82327    8275  392295  1219970  14.82
  2018        75-79     0.04126  0.18811  2.66   74052   13930  337631   827675  11.18
  2018        80-84     0.07673  0.32389  2.60   60122   19473  253792   490044   8.15
  2018        85-89     0.13260  0.49560  2.45   40649   20146  151929   236252   5.81
  2018        90-94     0.21145  0.66599  2.22   20503   13655   64578    84323   4.11
  2018        95-99     0.32815  0.82593  1.99    6848    5656   17237    19745   2.88
  2018       100-104    0.46599  0.91944  1.71    1192    1096    2352     2509   2.10
  2018       105-109    0.61016  0.96406  1.45      96      93     152      157   1.63
  2018       110+       0.72188  1.00000  1.39       3       3       5        5   1.39
