Chile, Life tables (period 5x1), Females	Last modified: 20 Jul 2020;  Methods Protocol: v6 (2017)

  Year          Age         mx       qx    ax      lx      dx      Lx       Tx     ex
  1992           0      0.01384  0.01368  0.12  100000    1368   98797  7747963  77.48
  1992         1-4      0.00061  0.00243  1.44   98632     240  393915  7649166  77.55
  1992         5-9      0.00024  0.00118  2.44   98392     116  491665  7255250  73.74
  1992        10-14     0.00021  0.00106  2.71   98276     104  491143  6763586  68.82
  1992        15-19     0.00039  0.00194  2.55   98172     190  490394  6272443  63.89
  1992        20-24     0.00047  0.00234  2.47   97982     229  489331  5782049  59.01
  1992        25-29     0.00053  0.00266  2.53   97753     260  488122  5292718  54.14
  1992        30-34     0.00063  0.00317  2.70   97493     309  486753  4804596  49.28
  1992        35-39     0.00108  0.00540  2.69   97184     525  484705  4317843  44.43
  1992        40-44     0.00169  0.00843  2.75   96659     815  481456  3833138  39.66
  1992        45-49     0.00265  0.01316  2.67   95844    1261  476283  3351682  34.97
  1992        50-54     0.00420  0.02080  2.65   94582    1968  468287  2875398  30.40
  1992        55-59     0.00665  0.03272  2.65   92615    3030  455959  2407112  25.99
  1992        60-64     0.01039  0.05076  2.73   89584    4547  437618  1951152  21.78
  1992        65-69     0.01760  0.08463  2.73   85037    7196  408837  1513534  17.80
  1992        70-74     0.02888  0.13515  2.63   77841   10520  364239  1104698  14.19
  1992        75-79     0.04843  0.21683  2.59   67321   14597  301397   740459  11.00
  1992        80-84     0.07684  0.32361  2.56   52724   17062  222057   439062   8.33
  1992        85-89     0.12400  0.47096  2.45   35662   16795  135446   217005   6.09
  1992        90-94     0.20034  0.64269  2.21   18866   12125   60523    81560   4.32
  1992        95-99     0.30015  0.79538  2.05    6741    5362   17864    21037   3.12
  1992       100-104    0.42374  0.89687  1.79    1379    1237    2920     3172   2.30
  1992       105-109    0.55807  0.95129  1.54     142     135     242      253   1.78
  1992       110+       0.66634  1.00000  1.50       7       7      10       10   1.50
  1993           0      0.01241  0.01228  0.12  100000    1228   98924  7766052  77.66
  1993         1-4      0.00058  0.00232  1.39   98772     229  394493  7667129  77.62
  1993         5-9      0.00023  0.00115  2.26   98543     114  492406  7272636  73.80
  1993        10-14     0.00023  0.00115  2.53   98430     113  491869  6780230  68.88
  1993        15-19     0.00037  0.00186  2.54   98316     183  491131  6288361  63.96
  1993        20-24     0.00041  0.00204  2.43   98133     200  490152  5797231  59.08
  1993        25-29     0.00049  0.00246  2.56   97933     241  489077  5307079  54.19
  1993        30-34     0.00063  0.00316  2.55   97692     309  487704  4818002  49.32
  1993        35-39     0.00108  0.00537  2.70   97384     523  485714  4330298  44.47
  1993        40-44     0.00158  0.00785  2.61   96861     761  482487  3844584  39.69
  1993        45-49     0.00282  0.01399  2.64   96100    1344  477324  3362097  34.99
  1993        50-54     0.00433  0.02144  2.64   94756    2031  468994  2884773  30.44
  1993        55-59     0.00642  0.03161  2.70   92725    2931  456871  2415780  26.05
  1993        60-64     0.01032  0.05040  2.70   89794    4525  438574  1958908  21.82
  1993        65-69     0.01690  0.08128  2.65   85269    6930  410077  1520335  17.83
  1993        70-74     0.02835  0.13272  2.60   78338   10397  366687  1110258  14.17
  1993        75-79     0.04961  0.22182  2.61   67941   15070  303748   743571  10.94
  1993        80-84     0.07557  0.31871  2.54   52871   16851  222967   439823   8.32
  1993        85-89     0.12718  0.48021  2.45   36020   17297  136011   216856   6.02
  1993        90-94     0.20159  0.64926  2.26   18723   12156   60299    80845   4.32
  1993        95-99     0.29925  0.79435  2.05    6567    5216   17432    20546   3.13
  1993       100-104    0.42247  0.89612  1.79    1351    1210    2865     3115   2.31
  1993       105-109    0.55654  0.95086  1.54     140     133     240      250   1.78
  1993       110+       0.66471  1.00000  1.50       7       7      10       10   1.50
  1994           0      0.01180  0.01168  0.12  100000    1168   98978  7819242  78.19
  1994         1-4      0.00049  0.00195  1.52   98832     193  394851  7720264  78.11
  1994         5-9      0.00023  0.00113  2.26   98640     112  492891  7325413  74.26
  1994        10-14     0.00022  0.00109  2.59   98528     108  492379  6832521  69.35
  1994        15-19     0.00035  0.00173  2.29   98420     170  491639  6340142  64.42
  1994        20-24     0.00039  0.00192  2.59   98250     189  490795  5848503  59.53
  1994        25-29     0.00045  0.00226  2.63   98061     221  489780  5357708  54.64
  1994        30-34     0.00060  0.00299  2.56   97840     292  488485  4867928  49.75
  1994        35-39     0.00103  0.00513  2.73   97547     501  486597  4379443  44.90
  1994        40-44     0.00167  0.00832  2.73   97046     807  483401  3892846  40.11
  1994        45-49     0.00286  0.01419  2.63   96239    1365  477959  3409445  35.43
  1994        50-54     0.00427  0.02112  2.66   94874    2004  469670  2931486  30.90
  1994        55-59     0.00659  0.03244  2.67   92870    3013  457342  2461816  26.51
  1994        60-64     0.01031  0.05032  2.66   89857    4521  438687  2004474  22.31
  1994        65-69     0.01622  0.07819  2.72   85336    6673  411478  1565787  18.35
  1994        70-74     0.02684  0.12622  2.64   78663    9929  369878  1154309  14.67
  1994        75-79     0.04426  0.20068  2.68   68735   13793  311617   784432  11.41
  1994        80-84     0.07198  0.30591  2.55   54941   16807  233503   472814   8.61
  1994        85-89     0.12177  0.46573  2.48   38134   17760  145846   239311   6.28
  1994        90-94     0.18644  0.61870  2.28   20374   12605   67608    93465   4.59
  1994        95-99     0.27860  0.76911  2.09    7769    5975   21446    25857   3.33
  1994       100-104    0.39401  0.87780  1.84    1794    1574    3996     4411   2.46
  1994       105-109    0.52268  0.94032  1.60     219     206     394      415   1.89
  1994       110+       0.62856  1.00000  1.59      13      13      21       21   1.59
  1995           0      0.01051  0.01042  0.13  100000    1042   99091  7824111  78.24
  1995         1-4      0.00066  0.00263  1.47   98958     261  395173  7725020  78.06
  1995         5-9      0.00021  0.00102  2.39   98698     101  493224  7329847  74.27
  1995        10-14     0.00024  0.00122  2.65   98596     120  492699  6836623  69.34
  1995        15-19     0.00033  0.00163  2.61   98476     160  491998  6343924  64.42
  1995        20-24     0.00040  0.00200  2.44   98316     197  491077  5851927  59.52
  1995        25-29     0.00048  0.00238  2.59   98119     234  490034  5360849  54.64
  1995        30-34     0.00062  0.00308  2.71   97886     302  488737  4870815  49.76
  1995        35-39     0.00108  0.00536  2.65   97584     523  486687  4382078  44.91
  1995        40-44     0.00159  0.00791  2.77   97061     768  483590  3895391  40.13
  1995        45-49     0.00264  0.01310  2.76   96292    1261  478636  3411801  35.43
  1995        50-54     0.00411  0.02036  2.74   95031    1934  470785  2933165  30.87
  1995        55-59     0.00643  0.03167  2.62   93097    2949  458462  2462380  26.45
  1995        60-64     0.01075  0.05243  2.68   90148    4727  439795  2003919  22.23
  1995        65-69     0.01579  0.07615  2.66   85422    6505  411871  1564123  18.31
  1995        70-74     0.02842  0.13328  2.67   78917   10518  370092  1152252  14.60
  1995        75-79     0.04445  0.20137  2.67   68399   13774  309864   782160  11.44
  1995        80-84     0.07130  0.30384  2.57   54625   16597  232782   472296   8.65
  1995        85-89     0.11956  0.45836  2.46   38028   17431  145790   239514   6.30
  1995        90-94     0.18891  0.62371  2.28   20598   12847   68006    93724   4.55
  1995        95-99     0.27945  0.77036  2.09    7751    5971   21366    25718   3.32
  1995       100-104    0.39643  0.87959  1.84    1780    1566    3949     4352   2.45
  1995       105-109    0.52671  0.94174  1.59     214     202     383      403   1.88
  1995       110+       0.63371  1.00000  1.58      12      12      20       20   1.58
  1996           0      0.01070  0.01061  0.13  100000    1061   99074  7861154  78.61
  1996         1-4      0.00045  0.00178  1.51   98939     176  395319  7762080  78.45
  1996         5-9      0.00020  0.00098  2.33   98763      97  493558  7366760  74.59
  1996        10-14     0.00022  0.00108  2.62   98667     106  493080  6873202  69.66
  1996        15-19     0.00033  0.00167  2.77   98561     164  492437  6380122  64.73
  1996        20-24     0.00038  0.00187  2.54   98396     184  491527  5887685  59.84
  1996        25-29     0.00045  0.00227  2.70   98212     223  490547  5396158  54.94
  1996        30-34     0.00069  0.00346  2.76   97989     339  489186  4905611  50.06
  1996        35-39     0.00095  0.00474  2.84   97651     463  487254  4416424  45.23
  1996        40-44     0.00147  0.00732  2.68   97187     711  484286  3929170  40.43
  1996        45-49     0.00252  0.01253  2.75   96476    1209  479664  3444884  35.71
  1996        50-54     0.00416  0.02059  2.66   95268    1962  471748  2965220  31.13
  1996        55-59     0.00592  0.02920  2.60   93306    2724  460000  2493472  26.72
  1996        60-64     0.00984  0.04807  2.62   90582    4355  442550  2033472  22.45
  1996        65-69     0.01574  0.07584  2.61   86227    6539  415536  1590922  18.45
  1996        70-74     0.02651  0.12477  2.65   79688    9943  375026  1175386  14.75
  1996        75-79     0.04353  0.19733  2.63   69745   13763  316168   800360  11.48
  1996        80-84     0.07169  0.30542  2.58   55982   17098  238489   484192   8.65
  1996        85-89     0.12054  0.46148  2.46   38884   17944  148858   245703   6.32
  1996        90-94     0.18470  0.61488  2.28   20940   12875   69710    96845   4.62
  1996        95-99     0.27514  0.76457  2.09    8064    6166   22410    27134   3.36
  1996       100-104    0.38897  0.87423  1.85    1899    1660    4267     4725   2.49
  1996       105-109    0.51639  0.93811  1.61     239     224     434      458   1.92
  1996       110+       0.62157  1.00000  1.61      15      15      24       24   1.61
  1997           0      0.00953  0.00945  0.13  100000     945   99177  7907943  79.08
  1997         1-4      0.00048  0.00194  1.84   99055     192  395806  7808765  78.83
  1997         5-9      0.00022  0.00111  2.38   98863     110  494030  7412959  74.98
  1997        10-14     0.00026  0.00128  2.40   98754     126  493440  6918929  70.06
  1997        15-19     0.00036  0.00180  2.57   98627     178  492705  6425489  65.15
  1997        20-24     0.00039  0.00197  2.60   98449     194  491780  5932785  60.26
  1997        25-29     0.00044  0.00219  2.73   98255     215  490787  5441005  55.38
  1997        30-34     0.00061  0.00306  2.67   98040     300  489501  4950217  50.49
  1997        35-39     0.00089  0.00446  2.60   97740     436  487652  4460716  45.64
  1997        40-44     0.00146  0.00730  2.69   97304     710  484882  3973065  40.83
  1997        45-49     0.00232  0.01156  2.75   96594    1117  480452  3488183  36.11
  1997        50-54     0.00391  0.01936  2.59   95477    1848  472936  3007731  31.50
  1997        55-59     0.00606  0.02987  2.69   93629    2796  461696  2534795  27.07
  1997        60-64     0.00917  0.04490  2.70   90832    4079  444768  2073099  22.82
  1997        65-69     0.01510  0.07299  2.71   86754    6333  419272  1628331  18.77
  1997        70-74     0.02494  0.11784  2.67   80421    9477  380040  1209059  15.03
  1997        75-79     0.04054  0.18485  2.62   70944   13114  323457   829019  11.69
  1997        80-84     0.06678  0.28738  2.58   57830   16619  248884   505562   8.74
  1997        85-89     0.11828  0.45568  2.48   41211   18779  158760   256678   6.23
  1997        90-94     0.19759  0.64500  2.31   22432   14468   73223    97918   4.37
  1997        95-99     0.30128  0.79802  2.05    7963    6355   21093    24695   3.10
  1997       100-104    0.43567  0.90457  1.77    1608    1455    3340     3602   2.24
  1997       105-109    0.58088  0.95770  1.50     153     147     253      262   1.71
  1997       110+       0.69608  1.00000  1.44       6       6       9        9   1.44
  1998           0      0.00987  0.00978  0.13  100000     978   99148  7905142  79.05
  1998         1-4      0.00049  0.00197  1.77   99022     196  395650  7805995  78.83
  1998         5-9      0.00021  0.00103  2.33   98826     102  493858  7410344  74.98
  1998        10-14     0.00019  0.00094  2.53   98724      93  493391  6916487  70.06
  1998        15-19     0.00032  0.00158  2.79   98631     156  492811  6423096  65.12
  1998        20-24     0.00035  0.00175  2.31   98475     172  491913  5930285  60.22
  1998        25-29     0.00041  0.00206  2.53   98303     203  491013  5438373  55.32
  1998        30-34     0.00059  0.00295  2.65   98100     290  489820  4947359  50.43
  1998        35-39     0.00090  0.00448  2.66   97810     438  488026  4457539  45.57
  1998        40-44     0.00135  0.00675  2.64   97372     657  485307  3969514  40.77
  1998        45-49     0.00233  0.01159  2.66   96715    1120  480954  3484207  36.03
  1998        50-54     0.00385  0.01907  2.72   95594    1823  473820  3003253  31.42
  1998        55-59     0.00587  0.02896  2.65   93771    2716  462461  2529434  26.97
  1998        60-64     0.00928  0.04544  2.71   91055    4137  445821  2066973  22.70
  1998        65-69     0.01446  0.06991  2.61   86918    6076  420076  1621152  18.65
  1998        70-74     0.02486  0.11750  2.68   80842    9499  382151  1201076  14.86
  1998        75-79     0.04259  0.19287  2.55   71343   13760  323073   818925  11.48
  1998        80-84     0.06946  0.29678  2.55   57583   17089  246048   495852   8.61
  1998        85-89     0.12009  0.46192  2.50   40494   18705  155758   249804   6.17
  1998        90-94     0.20038  0.64728  2.27   21789   14103   70384    94046   4.32
  1998        95-99     0.30402  0.80084  2.05    7685    6155   20245    23662   3.08
  1998       100-104    0.43717  0.90520  1.76    1531    1385    3169     3417   2.23
  1998       105-109    0.58067  0.95756  1.50     145     139     239      248   1.71
  1998       110+       0.69455  1.00000  1.44       6       6       9        9   1.44
  1999           0      0.00952  0.00944  0.13  100000     944   99178  7918018  79.18
  1999         1-4      0.00044  0.00177  1.72   99056     176  395821  7818840  78.93
  1999         5-9      0.00019  0.00096  2.50   98880      95  494163  7423019  75.07
  1999        10-14     0.00016  0.00078  2.73   98785      77  493751  6928856  70.14
  1999        15-19     0.00032  0.00159  2.61   98708     157  493166  6435104  65.19
  1999        20-24     0.00041  0.00206  2.60   98551     203  492269  5941938  60.29
  1999        25-29     0.00045  0.00226  2.74   98348     222  491241  5449670  55.41
  1999        30-34     0.00059  0.00296  2.61   98126     291  489938  4958428  50.53
  1999        35-39     0.00080  0.00399  2.65   97836     390  488261  4468490  45.67
  1999        40-44     0.00140  0.00700  2.72   97446     682  485676  3980229  40.85
  1999        45-49     0.00228  0.01132  2.68   96764    1095  481282  3494552  36.11
  1999        50-54     0.00371  0.01841  2.69   95669    1761  474270  3013270  31.50
  1999        55-59     0.00574  0.02831  2.73   93908    2659  463496  2538999  27.04
  1999        60-64     0.00842  0.04129  2.74   91249    3768  447714  2075503  22.75
  1999        65-69     0.01492  0.07204  2.63   87482    6302  422487  1627790  18.61
  1999        70-74     0.02388  0.11312  2.67   81179    9183  384495  1205303  14.85
  1999        75-79     0.04172  0.18987  2.64   71996   13670  327671   820808  11.40
  1999        80-84     0.07206  0.30650  2.56   58326   17877  248096   493137   8.45
  1999        85-89     0.12319  0.46922  2.46   40449   18980  154070   245040   6.06
  1999        90-94     0.20460  0.65842  2.29   21469   14136   69092    90971   4.24
  1999        95-99     0.31530  0.81313  2.02    7333    5963   18913    21879   2.98
  1999       100-104    0.45197  0.91291  1.74    1370    1251    2768     2967   2.16
  1999       105-109    0.59712  0.96137  1.47     119     115     192      199   1.66
  1999       110+       0.71079  1.00000  1.41       5       5       6        6   1.41
  2000           0      0.00908  0.00901  0.13  100000     901   99216  7992920  79.93
  2000         1-4      0.00035  0.00140  1.70   99099     139  396075  7893704  79.65
  2000         5-9      0.00019  0.00096  2.42   98960      95  494554  7497629  75.76
  2000        10-14     0.00018  0.00092  2.58   98865      91  494103  7003075  70.83
  2000        15-19     0.00031  0.00154  2.71   98774     152  493522  6508972  65.90
  2000        20-24     0.00036  0.00179  2.61   98622     176  492687  6015450  61.00
  2000        25-29     0.00041  0.00203  2.53   98445     200  491733  5522763  56.10
  2000        30-34     0.00055  0.00274  2.72   98245     269  490612  5031030  51.21
  2000        35-39     0.00082  0.00410  2.71   97976     402  488961  4540418  46.34
  2000        40-44     0.00128  0.00638  2.65   97574     623  486408  4051457  41.52
  2000        45-49     0.00210  0.01046  2.75   96952    1014  482470  3565049  36.77
  2000        50-54     0.00353  0.01753  2.78   95937    1682  475951  3082579  32.13
  2000        55-59     0.00542  0.02673  2.63   94255    2520  465305  2606628  27.65
  2000        60-64     0.00856  0.04196  2.63   91736    3849  449564  2141322  23.34
  2000        65-69     0.01416  0.06850  2.65   87886    6020  425261  1691758  19.25
  2000        70-74     0.02207  0.10480  2.60   81866    8580  388701  1266498  15.47
  2000        75-79     0.03990  0.18230  2.63   73287   13360  334796   877796  11.98
  2000        80-84     0.06198  0.26977  2.60   59927   16166  260816   543000   9.06
  2000        85-89     0.10944  0.42997  2.51   43760   18816  171930   282184   6.45
  2000        90-94     0.19195  0.63351  2.32   24945   15803   82327   110254   4.42
  2000        95-99     0.30580  0.80422  2.05    9142    7352   24042    27927   3.05
  2000       100-104    0.45032  0.91298  1.74    1790    1634    3629     3885   2.17
  2000       105-109    0.60474  0.96343  1.46     156     150     248      256   1.64
  2000       110+       0.72469  1.00000  1.38       6       6       8        8   1.38
  2001           0      0.00840  0.00834  0.13  100000     834   99276  7983374  79.83
  2001         1-4      0.00044  0.00177  1.53   99166     175  396230  7884098  79.50
  2001         5-9      0.00020  0.00100  2.43   98991      99  494699  7487868  75.64
  2001        10-14     0.00020  0.00101  2.90   98892     100  494250  6993169  70.72
  2001        15-19     0.00029  0.00146  2.55   98792     144  493609  6498919  65.78
  2001        20-24     0.00035  0.00176  2.52   98648     174  492810  6005311  60.88
  2001        25-29     0.00049  0.00244  2.43   98474     240  491754  5512501  55.98
  2001        30-34     0.00059  0.00293  2.85   98234     288  490552  5020747  51.11
  2001        35-39     0.00083  0.00415  2.55   97946     406  488737  4530195  46.25
  2001        40-44     0.00136  0.00677  2.81   97540     661  486255  4041458  41.43
  2001        45-49     0.00216  0.01075  2.70   96879    1042  482004  3555202  36.70
  2001        50-54     0.00350  0.01738  2.77   95838    1665  475482  3073199  32.07
  2001        55-59     0.00574  0.02832  2.66   94172    2667  464625  2597716  27.58
  2001        60-64     0.00861  0.04220  2.62   91505    3862  448344  2133092  23.31
  2001        65-69     0.01434  0.06943  2.72   87643    6085  424316  1684747  19.22
  2001        70-74     0.02218  0.10525  2.59   81558    8584  387084  1260432  15.45
  2001        75-79     0.03925  0.17969  2.65   72974   13112  334043   873348  11.97
  2001        80-84     0.06443  0.27868  2.58   59862   16682  258907   539305   9.01
  2001        85-89     0.11005  0.43265  2.53   43179   18681  169749   280399   6.49
  2001        90-94     0.18967  0.63160  2.36   24498   15473   81578   110650   4.52
  2001        95-99     0.28804  0.78256  2.08    9025    7063   24519    29072   3.22
  2001       100-104    0.41925  0.89528  1.80    1962    1757    4191     4552   2.32
  2001       105-109    0.56343  0.95331  1.53     205     196     348      362   1.76
  2001       110+       0.67935  1.00000  1.47      10      10      14       14   1.47
  2002           0      0.00752  0.00747  0.13  100000     747   99353  8038863  80.39
  2002         1-4      0.00046  0.00183  1.57   99253     181  396572  7939510  79.99
  2002         5-9      0.00017  0.00085  2.38   99072      84  495139  7542938  76.14
  2002        10-14     0.00018  0.00090  2.48   98988      89  494717  7047798  71.20
  2002        15-19     0.00027  0.00136  2.55   98899     134  494168  6553082  66.26
  2002        20-24     0.00036  0.00179  2.72   98765     177  493425  6058913  61.35
  2002        25-29     0.00042  0.00208  2.63   98589     205  492457  5565489  56.45
  2002        30-34     0.00048  0.00238  2.77   98384     234  491396  5073032  51.56
  2002        35-39     0.00074  0.00368  2.69   98150     361  489914  4581636  46.68
  2002        40-44     0.00123  0.00611  2.59   97789     598  487506  4091722  41.84
  2002        45-49     0.00212  0.01054  2.60   97191    1025  483491  3604216  37.08
  2002        50-54     0.00334  0.01656  2.70   96166    1592  477164  3120725  32.45
  2002        55-59     0.00544  0.02685  2.67   94574    2539  466959  2643560  27.95
  2002        60-64     0.00847  0.04153  2.62   92035    3822  451069  2176601  23.65
  2002        65-69     0.01367  0.06626  2.72   88213    5845  427723  1725532  19.56
  2002        70-74     0.02287  0.10844  2.62   82368    8932  390612  1297809  15.76
  2002        75-79     0.03804  0.17468  2.67   73436   12828  337249   907197  12.35
  2002        80-84     0.06123  0.26666  2.58   60608   16162  263942   569948   9.40
  2002        85-89     0.10282  0.40822  2.48   44447   18144  176465   306006   6.88
  2002        90-94     0.16739  0.58363  2.41   26303   15351   91706   129541   4.93
  2002        95-99     0.26523  0.75284  2.13   10952    8245   31086    37836   3.45
  2002       100-104    0.38741  0.87434  1.86    2707    2367    6109     6749   2.49
  2002       105-109    0.52568  0.94199  1.59     340     320     610      640   1.88
  2002       110+       0.63969  1.00000  1.56      20      20      31       31   1.56
  2003           0      0.00769  0.00763  0.13  100000     763   99338  8039613  80.40
  2003         1-4      0.00040  0.00160  1.65   99237     158  396574  7940275  80.01
  2003         5-9      0.00016  0.00082  1.97   99078      82  495143  7543701  76.14
  2003        10-14     0.00016  0.00080  2.81   98997      80  494808  7048557  71.20
  2003        15-19     0.00024  0.00122  2.63   98917     120  494300  6553749  66.26
  2003        20-24     0.00034  0.00172  2.51   98797     170  493560  6059449  61.33
  2003        25-29     0.00038  0.00188  2.73   98627     186  492713  5565889  56.43
  2003        30-34     0.00053  0.00262  2.57   98441     258  491580  5073176  51.54
  2003        35-39     0.00075  0.00373  2.65   98183     366  490055  4581596  46.66
  2003        40-44     0.00123  0.00615  2.67   97817     602  487682  4091541  41.83
  2003        45-49     0.00211  0.01049  2.71   97215    1020  483741  3603859  37.07
  2003        50-54     0.00335  0.01660  2.62   96195    1597  477182  3120118  32.44
  2003        55-59     0.00549  0.02712  2.70   94599    2565  467082  2642936  27.94
  2003        60-64     0.00872  0.04272  2.64   92033    3932  450888  2175854  23.64
  2003        65-69     0.01305  0.06330  2.67   88102    5577  427493  1724966  19.58
  2003        70-74     0.02223  0.10563  2.64   82524    8717  392063  1297473  15.72
  2003        75-79     0.03699  0.17032  2.68   73807   12571  339823   905411  12.27
  2003        80-84     0.06391  0.27684  2.59   61236   16952  265258   565587   9.24
  2003        85-89     0.10374  0.41296  2.53   44284   18288  176276   300330   6.78
  2003        90-94     0.17540  0.59709  2.33   25996   15522   88494   124054   4.77
  2003        95-99     0.27093  0.76042  2.12   10474    7965   29398    35560   3.40
  2003       100-104    0.39401  0.87885  1.85    2509    2205    5597     6163   2.46
  2003       105-109    0.53232  0.94409  1.58     304     287     539      565   1.86
  2003       110+       0.64587  1.00000  1.55      17      17      26       26   1.55
  2004           0      0.00775  0.00770  0.13  100000     770   99332  8039548  80.40
  2004         1-4      0.00040  0.00159  1.59   99230     158  396539  7940216  80.02
  2004         5-9      0.00014  0.00071  2.46   99072      70  495183  7543677  76.14
  2004        10-14     0.00019  0.00095  2.60   99002      94  494784  7048495  71.20
  2004        15-19     0.00030  0.00148  2.55   98908     146  494181  6553711  66.26
  2004        20-24     0.00038  0.00189  2.56   98762     186  493352  6059530  61.36
  2004        25-29     0.00047  0.00232  2.48   98575     229  492299  5566178  56.47
  2004        30-34     0.00050  0.00248  2.67   98346     244  491164  5073879  51.59
  2004        35-39     0.00081  0.00403  2.63   98103     395  489577  4582715  46.71
  2004        40-44     0.00119  0.00595  2.59   97707     582  487132  4093138  41.89
  2004        45-49     0.00201  0.01002  2.67   97126     973  483358  3606006  37.13
  2004        50-54     0.00311  0.01542  2.65   96153    1482  477277  3122647  32.48
  2004        55-59     0.00505  0.02494  2.66   94670    2361  467838  2645370  27.94
  2004        60-64     0.00837  0.04101  2.59   92310    3786  452434  2177532  23.59
  2004        65-69     0.01312  0.06364  2.67   88524    5634  429488  1725098  19.49
  2004        70-74     0.02215  0.10534  2.67   82890    8731  394134  1295610  15.63
  2004        75-79     0.03712  0.17081  2.66   74158   12667  341213   901476  12.16
  2004        80-84     0.06357  0.27543  2.58   61491   16936  266404   560263   9.11
  2004        85-89     0.10894  0.42808  2.50   44555   19073  175074   293859   6.60
  2004        90-94     0.18083  0.61058  2.34   25482   15559   86039   118785   4.66
  2004        95-99     0.28008  0.77249  2.10    9923    7666   27369    32746   3.30
  2004       100-104    0.40741  0.88785  1.82    2258    2004    4920     5377   2.38
  2004       105-109    0.54882  0.94918  1.55     253     240     438      457   1.81
  2004       110+       0.66368  1.00000  1.51      13      13      19       19   1.51
  2005           0      0.00752  0.00747  0.13  100000     747   99353  8073955  80.74
  2005         1-4      0.00033  0.00133  1.44   99253     132  396675  7974602  80.35
  2005         5-9      0.00015  0.00076  2.37   99122      76  495408  7577927  76.45
  2005        10-14     0.00017  0.00085  2.63   99046      84  495030  7082519  71.51
  2005        15-19     0.00029  0.00146  2.58   98962     144  494460  6587488  66.57
  2005        20-24     0.00030  0.00148  2.61   98817     146  493738  6093029  61.66
  2005        25-29     0.00038  0.00191  2.53   98672     188  492892  5599291  56.75
  2005        30-34     0.00053  0.00266  2.70   98483     262  491816  5106398  51.85
  2005        35-39     0.00077  0.00386  2.74   98222     379  490252  4614582  46.98
  2005        40-44     0.00118  0.00588  2.64   97843     575  487855  4124330  42.15
  2005        45-49     0.00190  0.00944  2.69   97268     918  484223  3636475  37.39
  2005        50-54     0.00310  0.01536  2.64   96350    1480  478248  3152252  32.72
  2005        55-59     0.00485  0.02400  2.74   94869    2277  469198  2674005  28.19
  2005        60-64     0.00813  0.03992  2.71   92592    3696  454493  2204807  23.81
  2005        65-69     0.01239  0.06017  2.62   88896    5349  431743  1750314  19.69
  2005        70-74     0.02157  0.10280  2.71   83547    8588  398090  1318571  15.78
  2005        75-79     0.03648  0.16790  2.64   74959   12586  345049   920481  12.28
  2005        80-84     0.06308  0.27329  2.56   62373   17046  270216   575432   9.23
  2005        85-89     0.10684  0.42153  2.50   45327   19107  178828   305215   6.73
  2005        90-94     0.17338  0.59345  2.34   26220   15560   89745   126387   4.82
  2005        95-99     0.26717  0.75514  2.12   10660    8050   30130    36643   3.44
  2005       100-104    0.38729  0.87397  1.86    2610    2281    5890     6513   2.50
  2005       105-109    0.52293  0.94091  1.60     329     310     592      623   1.89
  2005       110+       0.63486  1.00000  1.58      19      19      31       31   1.58
  2006           0      0.00730  0.00725  0.13  100000     725   99372  8106681  81.07
  2006         1-4      0.00032  0.00127  1.58   99275     126  396795  8007309  80.66
  2006         5-9      0.00015  0.00075  2.32   99149      74  495547  7610515  76.76
  2006        10-14     0.00019  0.00096  2.44   99075      95  495132  7114968  71.81
  2006        15-19     0.00027  0.00135  2.77   98980     134  494601  6619836  66.88
  2006        20-24     0.00032  0.00161  2.67   98846     160  493858  6125235  61.97
  2006        25-29     0.00039  0.00197  2.70   98686     194  492985  5631377  57.06
  2006        30-34     0.00056  0.00281  2.81   98492     276  491856  5138392  52.17
  2006        35-39     0.00074  0.00371  2.61   98216     364  490207  4646536  47.31
  2006        40-44     0.00118  0.00589  2.76   97852     576  487969  4156328  42.48
  2006        45-49     0.00199  0.00989  2.76   97276     962  484220  3668359  37.71
  2006        50-54     0.00299  0.01487  2.69   96314    1432  478264  3184140  33.06
  2006        55-59     0.00480  0.02376  2.69   94882    2255  469211  2705875  28.52
  2006        60-64     0.00791  0.03883  2.62   92627    3596  454563  2236665  24.15
  2006        65-69     0.01264  0.06135  2.63   89031    5462  432193  1782102  20.02
  2006        70-74     0.02018  0.09637  2.68   83569    8053  399128  1349909  16.15
  2006        75-79     0.03502  0.16153  2.60   75515   12198  348308   950780  12.59
  2006        80-84     0.06052  0.26382  2.57   63317   16704  276015   602472   9.52
  2006        85-89     0.09844  0.39422  2.47   46613   18376  186665   326457   7.00
  2006        90-94     0.16753  0.58250  2.39   28237   16448   98182   139792   4.95
  2006        95-99     0.25856  0.74348  2.14   11789    8765   33900    41610   3.53
  2006       100-104    0.37803  0.86745  1.88    3024    2623    6939     7710   2.55
  2006       105-109    0.51437  0.93811  1.61     401     376     731      771   1.92
  2006       110+       0.62753  1.00000  1.59      25      25      40       40   1.59
  2007           0      0.00748  0.00743  0.13  100000     743   99356  8056202  80.56
  2007         1-4      0.00032  0.00127  1.52   99257     126  396715  7956846  80.16
  2007         5-9      0.00015  0.00073  2.68   99130      72  495484  7560131  76.26
  2007        10-14     0.00016  0.00081  2.88   99058      81  495119  7064647  71.32
  2007        15-19     0.00032  0.00159  2.58   98977     157  494507  6569528  66.37
  2007        20-24     0.00036  0.00181  2.49   98820     179  493655  6075020  61.48
  2007        25-29     0.00038  0.00191  2.57   98642     189  492752  5581365  56.58
  2007        30-34     0.00053  0.00266  2.58   98453     262  491633  5088613  51.69
  2007        35-39     0.00078  0.00390  2.72   98192     383  490085  4596980  46.82
  2007        40-44     0.00117  0.00585  2.74   97808     573  487746  4106896  41.99
  2007        45-49     0.00200  0.00994  2.71   97236     967  483967  3619150  37.22
  2007        50-54     0.00310  0.01538  2.72   96269    1480  477967  3135182  32.57
  2007        55-59     0.00505  0.02493  2.67   94789    2363  468433  2657215  28.03
  2007        60-64     0.00809  0.03970  2.67   92426    3669  453566  2188782  23.68
  2007        65-69     0.01308  0.06343  2.64   88757    5630  430513  1735216  19.55
  2007        70-74     0.02023  0.09668  2.72   83127    8037  397331  1304703  15.70
  2007        75-79     0.03670  0.16900  2.66   75091   12690  345791   907372  12.08
  2007        80-84     0.06566  0.28331  2.58   62401   17678  269228   561580   9.00
  2007        85-89     0.10970  0.42939  2.47   44722   19203  175048   292352   6.54
  2007        90-94     0.18403  0.61689  2.33   25519   15743   85542   117304   4.60
  2007        95-99     0.28536  0.77903  2.09    9776    7616   26690    31762   3.25
  2007       100-104    0.41391  0.89187  1.81    2160    1927    4655     5072   2.35
  2007       105-109    0.55575  0.95112  1.54     234     222     400      417   1.78
  2007       110+       0.67040  1.00000  1.49      11      11      17       17   1.49
  2008           0      0.00755  0.00750  0.13  100000     750   99350  8118612  81.19
  2008         1-4      0.00029  0.00114  1.48   99250     113  396714  8019262  80.80
  2008         5-9      0.00016  0.00079  2.33   99137      79  495472  7622549  76.89
  2008        10-14     0.00020  0.00099  2.78   99058      98  495071  7127076  71.95
  2008        15-19     0.00033  0.00165  2.58   98959     164  494401  6632005  67.02
  2008        20-24     0.00036  0.00180  2.37   98796     177  493512  6137605  62.12
  2008        25-29     0.00043  0.00215  2.65   98618     212  492592  5644093  57.23
  2008        30-34     0.00057  0.00286  2.61   98406     281  491358  5151501  52.35
  2008        35-39     0.00077  0.00383  2.65   98125     376  489742  4660143  47.49
  2008        40-44     0.00113  0.00564  2.63   97749     551  487437  4170401  42.66
  2008        45-49     0.00174  0.00866  2.63   97198     842  483993  3682963  37.89
  2008        50-54     0.00301  0.01496  2.61   96356    1441  478340  3198971  33.20
  2008        55-59     0.00471  0.02330  2.73   94914    2211  469542  2720630  28.66
  2008        60-64     0.00785  0.03854  2.69   92703    3573  455281  2251089  24.28
  2008        65-69     0.01194  0.05802  2.61   89131    5172  433295  1795808  20.15
  2008        70-74     0.01924  0.09207  2.68   83959    7730  401834  1362513  16.23
  2008        75-79     0.03355  0.15552  2.66   76229   11855  353344   960679  12.60
  2008        80-84     0.06266  0.27228  2.60   64373   17527  279728   607334   9.43
  2008        85-89     0.09949  0.39917  2.53   46846   18700  187960   327606   6.99
  2008        90-94     0.16768  0.57961  2.34   28146   16314   97294   139646   4.96
  2008        95-99     0.25468  0.73748  2.15   11832    8726   34263    42352   3.58
  2008       100-104    0.36946  0.86049  1.90    3106    2673    7235     8089   2.60
  2008       105-109    0.50103  0.93299  1.64     433     404     807      854   1.97
  2008       110+       0.61089  1.00000  1.64      29      29      48       48   1.64
  2009           0      0.00725  0.00720  0.13  100000     720   99377  8139077  81.39
  2009         1-4      0.00031  0.00122  1.46   99280     121  396811  8039700  80.98
  2009         5-9      0.00014  0.00072  2.21   99159      72  495593  7642889  77.08
  2009        10-14     0.00014  0.00072  2.69   99087      71  495270  7147296  72.13
  2009        15-19     0.00032  0.00161  2.49   99016     159  494680  6652025  67.18
  2009        20-24     0.00036  0.00182  2.72   98857     180  493873  6157346  62.29
  2009        25-29     0.00042  0.00208  2.76   98677     206  492922  5663472  57.39
  2009        30-34     0.00054  0.00272  2.52   98471     267  491690  5170550  52.51
  2009        35-39     0.00073  0.00366  2.56   98203     360  490141  4678860  47.64
  2009        40-44     0.00113  0.00562  2.76   97844     550  487989  4188719  42.81
  2009        45-49     0.00178  0.00885  2.69   97294     861  484480  3700730  38.04
  2009        50-54     0.00297  0.01473  2.71   96434    1421  478909  3216250  33.35
  2009        55-59     0.00464  0.02294  2.65   95013    2180  469938  2737341  28.81
  2009        60-64     0.00760  0.03734  2.71   92833    3466  456240  2267403  24.42
  2009        65-69     0.01178  0.05731  2.64   89367    5122  434773  1811163  20.27
  2009        70-74     0.01821  0.08736  2.68   84245    7360  404141  1376390  16.34
  2009        75-79     0.03285  0.15268  2.70   76885   11739  357400   972249  12.65
  2009        80-84     0.06071  0.26473  2.58   65146   17246  284075   614849   9.44
  2009        85-89     0.10350  0.41109  2.50   47900   19691  190251   330773   6.91
  2009        90-94     0.16575  0.57549  2.35   28209   16234   97945   140523   4.98
  2009        95-99     0.25658  0.74036  2.14   11975    8866   34554    42577   3.56
  2009       100-104    0.37314  0.86348  1.89    3109    2685    7195     8023   2.58
  2009       105-109    0.50646  0.93511  1.63     424     397     784      828   1.95
  2009       110+       0.61752  1.00000  1.62      28      28      45       45   1.62
  2010           0      0.00673  0.00669  0.14  100000     669   99422  8103402  81.03
  2010         1-4      0.00030  0.00120  1.56   99331     119  397034  8003981  80.58
  2010         5-9      0.00014  0.00068  2.54   99212      67  495894  7606947  76.67
  2010        10-14     0.00016  0.00078  2.59   99145      77  495537  7111053  71.72
  2010        15-19     0.00030  0.00150  2.69   99068     149  494993  6615516  66.78
  2010        20-24     0.00037  0.00186  2.57   98919     184  494146  6120523  61.87
  2010        25-29     0.00042  0.00211  2.52   98735     208  493157  5626376  56.98
  2010        30-34     0.00055  0.00276  2.54   98526     272  491963  5133220  52.10
  2010        35-39     0.00074  0.00367  2.69   98254     361  490439  4641256  47.24
  2010        40-44     0.00126  0.00628  2.66   97893     615  488028  4150818  42.40
  2010        45-49     0.00183  0.00912  2.73   97279     888  484381  3662789  37.65
  2010        50-54     0.00295  0.01465  2.65   96391    1412  478641  3178408  32.97
  2010        55-59     0.00454  0.02249  2.73   94978    2136  470034  2699767  28.43
  2010        60-64     0.00771  0.03786  2.68   92842    3515  456057  2229733  24.02
  2010        65-69     0.01210  0.05882  2.66   89328    5254  434329  1773676  19.86
  2010        70-74     0.01931  0.09235  2.63   84074    7764  401984  1339347  15.93
  2010        75-79     0.03388  0.15706  2.68   76309   11985  353713   937363  12.28
  2010        80-84     0.06427  0.27874  2.62   64325   17930  278992   583650   9.07
  2010        85-89     0.11000  0.43043  2.47   46395   19970  181547   304658   6.57
  2010        90-94     0.18084  0.61215  2.36   26425   16176   89448   123111   4.66
  2010        95-99     0.28165  0.77446  2.09   10249    7937   28182    33663   3.28
  2010       100-104    0.40944  0.88913  1.82    2312    2055    5020     5481   2.37
  2010       105-109    0.55108  0.94982  1.55     256     243     442      461   1.80
  2010       110+       0.66595  1.00000  1.50      13      13      19       19   1.50
  2011           0      0.00732  0.00728  0.13  100000     728   99370  8154405  81.54
  2011         1-4      0.00027  0.00108  1.71   99272     107  396844  8055035  81.14
  2011         5-9      0.00012  0.00062  2.50   99165      62  495671  7658191  77.23
  2011        10-14     0.00016  0.00081  2.58   99103      80  495323  7162520  72.27
  2011        15-19     0.00028  0.00138  2.58   99023     137  494786  6667197  67.33
  2011        20-24     0.00034  0.00172  2.32   98886     170  493977  6172412  62.42
  2011        25-29     0.00037  0.00185  2.57   98717     182  493140  5678435  57.52
  2011        30-34     0.00049  0.00246  2.55   98535     242  492079  5185295  52.62
  2011        35-39     0.00071  0.00356  2.68   98292     349  490650  4693216  47.75
  2011        40-44     0.00105  0.00523  2.70   97943     512  488535  4202566  42.91
  2011        45-49     0.00177  0.00883  2.68   97430     860  485155  3714031  38.12
  2011        50-54     0.00282  0.01400  2.70   96570    1352  479747  3228876  33.44
  2011        55-59     0.00462  0.02284  2.68   95218    2175  471041  2749129  28.87
  2011        60-64     0.00730  0.03591  2.71   93043    3341  457570  2278087  24.48
  2011        65-69     0.01161  0.05651  2.67   89702    5069  436688  1820518  20.30
  2011        70-74     0.01865  0.08925  2.61   84633    7554  405075  1383830  16.35
  2011        75-79     0.03136  0.14630  2.72   77079   11276  359628   978755  12.70
  2011        80-84     0.06102  0.26658  2.63   65803   17541  287475   619126   9.41
  2011        85-89     0.10254  0.40702  2.47   48261   19643  191558   331652   6.87
  2011        90-94     0.17134  0.58804  2.33   28618   16829   98218   140094   4.90
  2011        95-99     0.25690  0.74081  2.14   11789    8734   33996    41875   3.55
  2011       100-104    0.37347  0.86373  1.89    3056    2639    7067     7879   2.58
  2011       105-109    0.50676  0.93521  1.63     416     389     768      812   1.95
  2011       110+       0.61776  1.00000  1.62      27      27      44       44   1.62
  2012           0      0.00693  0.00689  0.13  100000     689   99404  8141691  81.42
  2012         1-4      0.00028  0.00111  1.50   99311     110  396969  8042287  80.98
  2012         5-9      0.00014  0.00069  2.40   99201      69  495826  7645319  77.07
  2012        10-14     0.00014  0.00071  2.77   99132      71  495504  7149493  72.12
  2012        15-19     0.00028  0.00138  2.48   99062     137  494962  6653989  67.17
  2012        20-24     0.00031  0.00152  2.66   98925     151  494271  6159027  62.26
  2012        25-29     0.00036  0.00180  2.50   98774     178  493425  5664756  57.35
  2012        30-34     0.00054  0.00270  2.69   98596     266  492364  5171332  52.45
  2012        35-39     0.00070  0.00349  2.59   98330     343  490822  4678968  47.58
  2012        40-44     0.00119  0.00593  2.76   97986     581  488629  4188146  42.74
  2012        45-49     0.00166  0.00828  2.63   97405     807  485113  3699517  37.98
  2012        50-54     0.00266  0.01322  2.63   96598    1277  479965  3214404  33.28
  2012        55-59     0.00446  0.02208  2.71   95321    2105  471793  2734438  28.69
  2012        60-64     0.00716  0.03523  2.72   93216    3284  458591  2262645  24.27
  2012        65-69     0.01181  0.05743  2.62   89932    5164  437388  1804054  20.06
  2012        70-74     0.01904  0.09116  2.67   84768    7727  405821  1366666  16.12
  2012        75-79     0.03203  0.14906  2.68   77041   11483  358550   960846  12.47
  2012        80-84     0.06162  0.26954  2.68   65557   17670  286787   602296   9.19
  2012        85-89     0.11033  0.43106  2.46   47887   20642  187094   315509   6.59
  2012        90-94     0.17645  0.59932  2.32   27245   16328   92536   128415   4.71
  2012        95-99     0.28116  0.77415  2.10   10916    8451   30058    35879   3.29
  2012       100-104    0.41119  0.89046  1.82    2465    2195    5339     5821   2.36
  2012       105-109    0.55531  0.95114  1.54     270     257     463      482   1.79
  2012       110+       0.67188  1.00000  1.49      13      13      20       20   1.49
  2013           0      0.00622  0.00619  0.14  100000     619   99465  8173651  81.74
  2013         1-4      0.00027  0.00108  1.57   99381     107  397263  8074186  81.24
  2013         5-9      0.00013  0.00064  2.26   99273      63  496195  7676922  77.33
  2013        10-14     0.00017  0.00086  2.76   99210      86  495860  7180728  72.38
  2013        15-19     0.00030  0.00149  2.69   99125     147  495282  6684868  67.44
  2013        20-24     0.00029  0.00144  2.57   98977     143  494541  6189585  62.54
  2013        25-29     0.00041  0.00206  2.44   98835     204  493653  5695044  57.62
  2013        30-34     0.00049  0.00245  2.55   98631     241  492565  5201391  52.74
  2013        35-39     0.00069  0.00346  2.69   98390     341  491160  4708826  47.86
  2013        40-44     0.00114  0.00570  2.74   98049     558  488984  4217666  43.02
  2013        45-49     0.00178  0.00884  2.68   97491     862  485452  3728682  38.25
  2013        50-54     0.00279  0.01385  2.71   96629    1338  480074  3243230  33.56
  2013        55-59     0.00430  0.02130  2.65   95290    2030  471690  2763156  29.00
  2013        60-64     0.00690  0.03394  2.67   93260    3165  458915  2291466  24.57
  2013        65-69     0.01136  0.05537  2.71   90095    4989  439050  1832551  20.34
  2013        70-74     0.01848  0.08857  2.67   85106    7538  407944  1393501  16.37
  2013        75-79     0.03021  0.14091  2.62   77569   10930  361817   985558  12.71
  2013        80-84     0.05729  0.25260  2.66   66639   16833  293824   623741   9.36
  2013        85-89     0.10788  0.42461  2.49   49806   21148  196035   329917   6.62
  2013        90-94     0.17776  0.60065  2.30   28658   17213   96838   133882   4.67
  2013        95-99     0.28565  0.78055  2.10   11444    8933   31272    37045   3.24
  2013       100-104    0.42315  0.89825  1.80    2511    2256    5331     5773   2.30
  2013       105-109    0.57427  0.95644  1.51     256     244     426      442   1.73
  2013       110+       0.69481  1.00000  1.44      11      11      16       16   1.44
  2014           0      0.00710  0.00705  0.13  100000     705   99390  8179073  81.79
  2014         1-4      0.00026  0.00103  1.79   99295     102  396953  8079684  81.37
  2014         5-9      0.00012  0.00061  2.29   99192      60  495798  7682731  77.45
  2014        10-14     0.00014  0.00072  2.61   99132      72  495488  7186933  72.50
  2014        15-19     0.00024  0.00120  2.80   99060     119  495039  6691445  67.55
  2014        20-24     0.00033  0.00162  2.64   98941     161  494325  6196407  62.63
  2014        25-29     0.00036  0.00182  2.56   98780     180  493463  5702082  57.72
  2014        30-34     0.00048  0.00240  2.59   98600     236  492432  5208619  52.83
  2014        35-39     0.00073  0.00363  2.76   98364     357  491023  4716187  47.95
  2014        40-44     0.00107  0.00532  2.70   98007     521  488840  4225164  43.11
  2014        45-49     0.00167  0.00831  2.71   97486     810  485579  3736324  38.33
  2014        50-54     0.00257  0.01278  2.62   96676    1236  480442  3250745  33.63
  2014        55-59     0.00427  0.02116  2.68   95440    2020  472511  2770303  29.03
  2014        60-64     0.00681  0.03350  2.68   93420    3130  459836  2297791  24.60
  2014        65-69     0.01110  0.05410  2.67   90290    4885  440086  1837955  20.36
  2014        70-74     0.01818  0.08719  2.66   85405    7447  409583  1397870  16.37
  2014        75-79     0.03008  0.14040  2.64   77959   10946  363921   988286  12.68
  2014        80-84     0.05614  0.24913  2.74   67013   16695  297387   624365   9.32
  2014        85-89     0.11233  0.43650  2.45   50318   21964  195532   326978   6.50
  2014        90-94     0.17905  0.60706  2.35   28354   17212   96134   131445   4.64
  2014        95-99     0.29268  0.78935  2.08   11141    8794   30048    35311   3.17
  2014       100-104    0.43462  0.90491  1.78    2347    2124    4887     5263   2.24
  2014       105-109    0.58895  0.96003  1.49     223     214     364      376   1.69
  2014       110+       0.71053  1.00000  1.41       9       9      13       13   1.41
  2015           0      0.00603  0.00600  0.14  100000     600   99482  8196522  81.97
  2015         1-4      0.00027  0.00107  1.52   99400     107  397336  8097040  81.46
  2015         5-9      0.00015  0.00075  2.45   99293      75  496276  7699704  77.54
  2015        10-14     0.00017  0.00083  2.89   99219      83  495918  7203428  72.60
  2015        15-19     0.00028  0.00137  2.33   99136     136  495315  6707511  67.66
  2015        20-24     0.00030  0.00150  2.49   98999     148  494625  6212196  62.75
  2015        25-29     0.00038  0.00192  2.64   98851     190  493808  5717571  57.84
  2015        30-34     0.00046  0.00228  2.80   98661     225  492810  5223762  52.95
  2015        35-39     0.00081  0.00406  2.74   98436     400  491278  4730952  48.06
  2015        40-44     0.00113  0.00561  2.75   98036     550  488945  4239674  43.25
  2015        45-49     0.00177  0.00882  2.63   97486     860  485385  3750730  38.47
  2015        50-54     0.00265  0.01316  2.66   96625    1272  480155  3265344  33.79
  2015        55-59     0.00426  0.02109  2.68   95354    2011  472096  2785189  29.21
  2015        60-64     0.00659  0.03245  2.68   93343    3029  459681  2313093  24.78
  2015        65-69     0.01089  0.05311  2.66   90314    4796  440365  1853412  20.52
  2015        70-74     0.01722  0.08275  2.64   85518    7076  410890  1413047  16.52
  2015        75-79     0.02922  0.13675  2.66   78441   10727  367063  1002157  12.78
  2015        80-84     0.05255  0.23403  2.66   67714   15847  301550   635094   9.38
  2015        85-89     0.11311  0.43978  2.47   51867   22810  201660   333544   6.43
  2015        90-94     0.18432  0.61610  2.31   29057   17902   97126   131884   4.54
  2015        95-99     0.29824  0.79640  2.07   11155    8884   29787    34758   3.12
  2015       100-104    0.44604  0.91130  1.76    2271    2070    4640     4971   2.19
  2015       105-109    0.60508  0.96371  1.46     201     194     321      331   1.64
  2015       110+       0.72847  1.00000  1.37       7       7      10       10   1.37
  2016           0      0.00648  0.00645  0.14  100000     645   99443  8211866  82.12
  2016         1-4      0.00027  0.00107  1.51   99355     106  397158  8112423  81.65
  2016         5-9      0.00013  0.00065  2.37   99249      65  496077  7715265  77.74
  2016        10-14     0.00016  0.00081  2.51   99185      81  495723  7219188  72.79
  2016        15-19     0.00029  0.00146  2.68   99104     145  495185  6723464  67.84
  2016        20-24     0.00035  0.00173  2.70   98960     172  494404  6228280  62.94
  2016        25-29     0.00033  0.00164  2.68   98788     162  493564  5733876  58.04
  2016        30-34     0.00049  0.00243  2.61   98626     240  492556  5240312  53.13
  2016        35-39     0.00068  0.00339  2.68   98386     334  491157  4747755  48.26
  2016        40-44     0.00106  0.00530  2.70   98053     520  489068  4256598  43.41
  2016        45-49     0.00166  0.00829  2.70   97533     808  485806  3767531  38.63
  2016        50-54     0.00262  0.01300  2.61   96724    1258  480616  3281725  33.93
  2016        55-59     0.00408  0.02021  2.67   95467    1930  472832  2801109  29.34
  2016        60-64     0.00654  0.03223  2.67   93537    3015  460674  2328277  24.89
  2016        65-69     0.01048  0.05114  2.69   90522    4629  441902  1867603  20.63
  2016        70-74     0.01737  0.08342  2.64   85893    7165  412540  1425701  16.60
  2016        75-79     0.02874  0.13466  2.67   78728   10601  368922  1013161  12.87
  2016        80-84     0.04989  0.22290  2.61   68126   15185  304362   644240   9.46
  2016        85-89     0.11164  0.43820  2.55   52941   23198  207792   339878   6.42
  2016        90-94     0.18931  0.62618  2.30   29742   18624   98377   132086   4.44
  2016        95-99     0.30753  0.80762  2.06   11118    8979   29198    33709   3.03
  2016       100-104    0.46417  0.92057  1.72    2139    1969    4242     4510   2.11
  2016       105-109    0.62969  0.96867  1.43     170     165     261      268   1.58
  2016       110+       0.75476  1.00000  1.32       5       5       7        7   1.32
  2017           0      0.00661  0.00657  0.14  100000     657   99432  8223939  82.24
  2017         1-4      0.00023  0.00090  1.55   99343      90  397153  8124507  81.78
  2017         5-9      0.00012  0.00060  2.86   99253      60  496140  7727354  77.85
  2017        10-14     0.00015  0.00075  2.71   99194      74  495800  7231215  72.90
  2017        15-19     0.00026  0.00130  2.80   99120     128  495316  6735415  67.95
  2017        20-24     0.00032  0.00161  2.55   98991     160  494566  6240099  63.04
  2017        25-29     0.00034  0.00172  2.62   98832     170  493753  5745533  58.13
  2017        30-34     0.00051  0.00254  2.64   98661     251  492713  5251780  53.23
  2017        35-39     0.00067  0.00333  2.62   98410     328  491271  4759067  48.36
  2017        40-44     0.00105  0.00524  2.65   98082     514  489206  4267796  43.51
  2017        45-49     0.00166  0.00828  2.61   97568     808  485908  3778591  38.73
  2017        50-54     0.00253  0.01257  2.61   96760    1216  480899  3292682  34.03
  2017        55-59     0.00387  0.01916  2.65   95544    1830  473414  2811783  29.43
  2017        60-64     0.00626  0.03087  2.73   93714    2893  461989  2338369  24.95
  2017        65-69     0.01025  0.05006  2.69   90821    4546  443618  1876380  20.66
  2017        70-74     0.01677  0.08068  2.64   86275    6960  414965  1432762  16.61
  2017        75-79     0.02772  0.13017  2.66   79314   10325  372448  1017797  12.83
  2017        80-84     0.04905  0.21974  2.63   68990   15160  309041   645350   9.35
  2017        85-89     0.11373  0.45068  2.70   53830   24260  213309   336308   6.25
  2017        90-94     0.20412  0.65439  2.26   29570   19350   94799   123000   4.16
  2017        95-99     0.34253  0.84400  2.00   10219    8625   25181    28201   2.76
  2017       100-104    0.52020  0.94324  1.62    1594    1504    2891     3020   1.89
  2017       105-109    0.69561  0.97870  1.33      90      89     127      130   1.43
  2017       110+       0.81705  1.00000  1.22       2       2       2        2   1.22
