Germany, Life tables (period 5x1), Females	Last modified: 17 Dec 2018;  Methods Protocol: v6 (2017)

  Year          Age         mx       qx    ax      lx      dx      Lx       Tx     ex
  1990           0      0.00610  0.00607  0.14  100000     607   99476  7841996  78.42
  1990         1-4      0.00037  0.00150  1.58   99393     149  397212  7742520  77.90
  1990         5-9      0.00020  0.00098  2.35   99244      97  495963  7345307  74.01
  1990        10-14     0.00017  0.00083  2.78   99147      83  495550  6849344  69.08
  1990        15-19     0.00032  0.00158  2.74   99064     157  494966  6353794  64.14
  1990        20-24     0.00040  0.00202  2.51   98907     200  494039  5858828  59.24
  1990        25-29     0.00043  0.00217  2.61   98707     214  493025  5364790  54.35
  1990        30-34     0.00063  0.00314  2.66   98493     309  491742  4871764  49.46
  1990        35-39     0.00104  0.00517  2.67   98184     508  489736  4380022  44.61
  1990        40-44     0.00154  0.00767  2.65   97676     749  486620  3890286  39.83
  1990        45-49     0.00240  0.01192  2.62   96926    1155  481886  3403666  35.12
  1990        50-54     0.00353  0.01751  2.68   95771    1677  474962  2921780  30.51
  1990        55-59     0.00575  0.02837  2.67   94094    2669  464248  2446818  26.00
  1990        60-64     0.00919  0.04498  2.67   91425    4112  447544  1982570  21.69
  1990        65-69     0.01516  0.07323  2.69   87313    6394  421794  1535025  17.58
  1990        70-74     0.02588  0.12192  2.62   80919    9866  381154  1113232  13.76
  1990        75-79     0.04783  0.21488  2.64   71053   15268  319202   732077  10.30
  1990        80-84     0.08793  0.36212  2.56   55786   20201  229734   412875   7.40
  1990        85-89     0.15540  0.55354  2.40   35585   19697  126755   183141   5.15
  1990        90-94     0.25485  0.73824  2.15   15887   11729   46021    56386   3.55
  1990        95-99     0.38668  0.87538  1.87    4159    3640    9414    10365   2.49
  1990       100-104    0.53881  0.94701  1.58     518     491     911      951   1.83
  1990       105-109    0.68573  0.97667  1.34      27      27      39       40   1.45
  1990       110+       0.79136  1.00000  1.26       1       1       1        1   1.26
  1991           0      0.00569  0.00566  0.14  100000     566   99512  7868711  78.69
  1991         1-4      0.00035  0.00141  1.67   99434     140  397409  7769199  78.13
  1991         5-9      0.00017  0.00085  2.36   99294      85  496246  7371790  74.24
  1991        10-14     0.00015  0.00076  2.58   99209      75  495864  6875544  69.30
  1991        15-19     0.00034  0.00169  2.89   99134     167  495316  6379680  64.35
  1991        20-24     0.00037  0.00184  2.46   98967     182  494369  5884364  59.46
  1991        25-29     0.00043  0.00217  2.62   98784     214  493412  5389994  54.56
  1991        30-34     0.00066  0.00331  2.70   98570     326  492099  4896583  49.68
  1991        35-39     0.00100  0.00500  2.65   98244     491  490067  4404484  44.83
  1991        40-44     0.00152  0.00757  2.65   97753     740  487024  3914417  40.04
  1991        45-49     0.00242  0.01203  2.63   97013    1167  482303  3427393  35.33
  1991        50-54     0.00359  0.01778  2.69   95846    1704  475288  2945090  30.73
  1991        55-59     0.00555  0.02737  2.67   94142    2577  464715  2469802  26.23
  1991        60-64     0.00906  0.04435  2.67   91565    4061  448358  2005088  21.90
  1991        65-69     0.01483  0.07167  2.68   87504    6272  422991  1556730  17.79
  1991        70-74     0.02567  0.12109  2.66   81233    9836  383164  1133738  13.96
  1991        75-79     0.04580  0.20692  2.67   71396   14773  322555   750574  10.51
  1991        80-84     0.08519  0.35318  2.58   56623   19998  234739   428019   7.56
  1991        85-89     0.15069  0.54211  2.41   36625   19855  131760   193280   5.28
  1991        90-94     0.24434  0.72412  2.19   16770   12144   49699    61520   3.67
  1991        95-99     0.37611  0.86767  1.90    4627    4014   10673    11821   2.56
  1991       100-104    0.52675  0.94324  1.60     612     577    1096     1148   1.87
  1991       105-109    0.67428  0.97511  1.36      35      34      50       51   1.48
  1991       110+       0.78166  1.00000  1.28       1       1       1        1   1.28
  1992           0      0.00536  0.00534  0.14  100000     534   99540  7914033  79.14
  1992         1-4      0.00031  0.00123  1.60   99466     122  397571  7814493  78.56
  1992         5-9      0.00016  0.00078  2.19   99344      77  496503  7416922  74.66
  1992        10-14     0.00014  0.00072  2.44   99267      71  496152  6920419  69.72
  1992        15-19     0.00032  0.00158  2.88   99196     157  495647  6424267  64.76
  1992        20-24     0.00037  0.00186  2.55   99039     184  494743  5928621  59.86
  1992        25-29     0.00043  0.00217  2.63   98855     215  493766  5433878  54.97
  1992        30-34     0.00061  0.00303  2.69   98640     299  492510  4940112  50.08
  1992        35-39     0.00096  0.00481  2.65   98341     473  490596  4447602  45.23
  1992        40-44     0.00152  0.00758  2.69   97868     741  487626  3957006  40.43
  1992        45-49     0.00236  0.01172  2.68   97127    1139  482994  3469379  35.72
  1992        50-54     0.00337  0.01672  2.66   95988    1605  476183  2986385  31.11
  1992        55-59     0.00539  0.02663  2.68   94383    2514  466076  2510202  26.60
  1992        60-64     0.00866  0.04243  2.67   91869    3898  450267  2044126  22.25
  1992        65-69     0.01414  0.06847  2.68   87971    6023  425891  1593859  18.12
  1992        70-74     0.02451  0.11588  2.65   81948    9496  387467  1167968  14.25
  1992        75-79     0.04371  0.19822  2.65   72452   14361  328530   780501  10.77
  1992        80-84     0.08081  0.33806  2.58   58091   19638  243011   451971   7.78
  1992        85-89     0.14390  0.52487  2.42   38453   20183  140258   208960   5.43
  1992        90-94     0.23708  0.71180  2.19   18270   13005   54852    68701   3.76
  1992        95-99     0.36398  0.85836  1.92    5265    4520   12417    13849   2.63
  1992       100-104    0.51373  0.93894  1.62     746     700    1363     1432   1.92
  1992       105-109    0.66258  0.97344  1.37      46      44      67       68   1.50
  1992       110+       0.77217  1.00000  1.30       1       1       2        2   1.30
  1993           0      0.00504  0.00501  0.14  100000     501   99568  7921472  79.21
  1993         1-4      0.00030  0.00121  1.59   99499     120  397704  7821904  78.61
  1993         5-9      0.00014  0.00071  2.38   99378      70  496707  7424200  74.71
  1993        10-14     0.00015  0.00075  2.63   99308      74  496364  6927493  69.76
  1993        15-19     0.00033  0.00163  2.82   99234     162  495815  6431130  64.81
  1993        20-24     0.00034  0.00168  2.53   99072     166  494948  5935315  59.91
  1993        25-29     0.00041  0.00205  2.59   98906     203  494039  5440367  55.01
  1993        30-34     0.00062  0.00310  2.72   98703     306  492816  4946327  50.11
  1993        35-39     0.00094  0.00467  2.71   98396     459  490929  4453511  45.26
  1993        40-44     0.00157  0.00780  2.68   97937     764  487911  3962582  40.46
  1993        45-49     0.00236  0.01172  2.66   97173    1139  483202  3474671  35.76
  1993        50-54     0.00344  0.01708  2.62   96034    1640  476269  2991469  31.15
  1993        55-59     0.00523  0.02582  2.67   94394    2437  466301  2515200  26.65
  1993        60-64     0.00859  0.04211  2.68   91957    3873  450807  2048899  22.28
  1993        65-69     0.01390  0.06732  2.68   88084    5930  426668  1598092  18.14
  1993        70-74     0.02467  0.11664  2.67   82154    9582  388451  1171423  14.26
  1993        75-79     0.04360  0.19776  2.65   72572   14352  329193   782972  10.79
  1993        80-84     0.08000  0.33524  2.58   58220   19518  243959   453779   7.79
  1993        85-89     0.14349  0.52405  2.43   38702   20282  141345   209819   5.42
  1993        90-94     0.24022  0.71689  2.19   18420   13205   54971    68475   3.72
  1993        95-99     0.37028  0.86365  1.91    5215    4504   12163    13503   2.59
  1993       100-104    0.52374  0.94250  1.60     711     670    1280     1340   1.88
  1993       105-109    0.67454  0.97525  1.36      41      40      59       60   1.48
  1993       110+       0.78399  1.00000  1.28       1       1       1        1   1.28
  1994           0      0.00488  0.00486  0.14  100000     486   99582  7951184  79.51
  1994         1-4      0.00032  0.00127  1.54   99514     126  397747  7851602  78.90
  1994         5-9      0.00013  0.00066  2.46   99388      66  496773  7453856  75.00
  1994        10-14     0.00014  0.00068  2.53   99322      68  496444  6957083  70.05
  1994        15-19     0.00032  0.00160  2.69   99255     159  495906  6460639  65.09
  1994        20-24     0.00034  0.00170  2.49   99096     168  495058  5964733  60.19
  1994        25-29     0.00037  0.00185  2.61   98928     183  494202  5469675  55.29
  1994        30-34     0.00059  0.00295  2.65   98745     291  493040  4975473  50.39
  1994        35-39     0.00090  0.00447  2.64   98454     440  491233  4482433  45.53
  1994        40-44     0.00148  0.00736  2.67   98014     721  488391  3991200  40.72
  1994        45-49     0.00229  0.01141  2.66   97293    1110  483868  3502810  36.00
  1994        50-54     0.00343  0.01699  2.63   96182    1634  477033  3018941  31.39
  1994        55-59     0.00506  0.02500  2.71   94548    2364  467324  2541908  26.88
  1994        60-64     0.00835  0.04096  2.68   92184    3776  452160  2074584  22.50
  1994        65-69     0.01354  0.06566  2.68   88409    5805  428569  1622424  18.35
  1994        70-74     0.02422  0.11478  2.73   82604    9481  391492  1193856  14.45
  1994        75-79     0.04168  0.19020  2.71   73123   13908  333729   802364  10.97
  1994        80-84     0.07757  0.32689  2.60   59215   19357  249523   468635   7.91
  1994        85-89     0.14086  0.51711  2.43   39858   20611  146322   219112   5.50
  1994        90-94     0.23480  0.70868  2.20   19247   13640   58091    72791   3.78
  1994        95-99     0.36507  0.85967  1.92    5607    4820   13203    14700   2.62
  1994       100-104    0.51867  0.94088  1.61     787     740    1427     1497   1.90
  1994       105-109    0.67049  0.97470  1.36      47      45      68       69   1.49
  1994       110+       0.78110  1.00000  1.28       1       1       2        2   1.28
  1995           0      0.00465  0.00464  0.14  100000     464   99601  7969212  79.69
  1995         1-4      0.00027  0.00107  1.60   99536     106  397891  7869610  79.06
  1995         5-9      0.00015  0.00073  2.34   99430      72  496959  7471719  75.15
  1995        10-14     0.00013  0.00064  2.71   99358      64  496643  6974760  70.20
  1995        15-19     0.00033  0.00166  2.84   99294     165  496114  6478117  65.24
  1995        20-24     0.00036  0.00179  2.39   99129     177  495182  5982003  60.35
  1995        25-29     0.00038  0.00189  2.61   98952     187  494312  5486820  55.45
  1995        30-34     0.00056  0.00281  2.74   98765     277  493200  4992508  50.55
  1995        35-39     0.00089  0.00446  2.70   98488     439  491426  4499308  45.68
  1995        40-44     0.00148  0.00739  2.69   98048     725  488569  4007882  40.88
  1995        45-49     0.00222  0.01106  2.66   97324    1076  484103  3519313  36.16
  1995        50-54     0.00341  0.01689  2.59   96248    1626  477314  3035210  31.54
  1995        55-59     0.00494  0.02443  2.68   94622    2311  467758  2557895  27.03
  1995        60-64     0.00815  0.03998  2.67   92310    3690  452947  2090138  22.64
  1995        65-69     0.01336  0.06481  2.68   88620    5743  429759  1637191  18.47
  1995        70-74     0.02318  0.11000  2.70   82877    9117  393383  1207432  14.57
  1995        75-79     0.04135  0.18819  2.62   73760   13881  335719   814049  11.04
  1995        80-84     0.07645  0.32246  2.57   59879   19309  252562   478330   7.99
  1995        85-89     0.13827  0.51113  2.45   40571   20737  149970   225768   5.56
  1995        90-94     0.23193  0.70529  2.22   19834   13989   60313    75798   3.82
  1995        95-99     0.36078  0.85623  1.93    5845    5005   13872    15485   2.65
  1995       100-104    0.51390  0.93926  1.62     840     789    1536     1612   1.92
  1995       105-109    0.66610  0.97407  1.37      51      50      75       76   1.50
  1995       110+       0.77748  1.00000  1.29       1       1       2        2   1.29
  1996           0      0.00447  0.00445  0.14  100000     445   99617  7986095  79.86
  1996         1-4      0.00025  0.00102  1.68   99555     101  397985  7886478  79.22
  1996         5-9      0.00011  0.00056  2.32   99454      56  497119  7488493  75.30
  1996        10-14     0.00012  0.00060  2.69   99398      60  496851  6991374  70.34
  1996        15-19     0.00031  0.00156  2.78   99338     155  496345  6494523  65.38
  1996        20-24     0.00035  0.00175  2.41   99183     173  495464  5998179  60.48
  1996        25-29     0.00037  0.00187  2.66   99010     185  494616  5502714  55.58
  1996        30-34     0.00053  0.00263  2.66   98825     260  493515  5008098  50.68
  1996        35-39     0.00089  0.00446  2.68   98564     440  491804  4514583  45.80
  1996        40-44     0.00144  0.00719  2.68   98125     705  488987  4022779  41.00
  1996        45-49     0.00227  0.01128  2.67   97420    1099  484540  3533792  36.27
  1996        50-54     0.00337  0.01671  2.65   96321    1609  477820  3049253  31.66
  1996        55-59     0.00479  0.02368  2.68   94711    2243  468351  2571432  27.15
  1996        60-64     0.00793  0.03894  2.69   92468    3601  454014  2103081  22.74
  1996        65-69     0.01324  0.06424  2.68   88867    5709  431090  1649067  18.56
  1996        70-74     0.02271  0.10790  2.70   83159    8973  395175  1217977  14.65
  1996        75-79     0.04095  0.18675  2.64   74186   13854  338290   822802  11.09
  1996        80-84     0.07528  0.31864  2.59   60332   19224  255363   484511   8.03
  1996        85-89     0.13722  0.50866  2.46   41107   20910  152378   229148   5.57
  1996        90-94     0.23337  0.70751  2.22   20198   14290   61233    76771   3.80
  1996        95-99     0.36361  0.85876  1.93    5908    5073   13952    15537   2.63
  1996       100-104    0.51925  0.94123  1.61     834     785    1512     1585   1.90
  1996       105-109    0.67301  0.97512  1.36      49      48      71       73   1.48
  1996       110+       0.78455  1.00000  1.27       1       1       2        2   1.27
  1997           0      0.00427  0.00425  0.14  100000     425   99634  8027198  80.27
  1997         1-4      0.00026  0.00102  1.62   99575     102  398058  7927564  79.61
  1997         5-9      0.00011  0.00053  2.41   99473      53  497229  7529506  75.69
  1997        10-14     0.00011  0.00057  2.68   99420      57  496970  7032277  70.73
  1997        15-19     0.00029  0.00146  2.90   99364     145  496514  6535307  65.77
  1997        20-24     0.00031  0.00155  2.51   99219     154  495712  6038793  60.86
  1997        25-29     0.00034  0.00172  2.64   99065     170  494926  5543081  55.95
  1997        30-34     0.00050  0.00249  2.72   98895     246  493916  5048155  51.05
  1997        35-39     0.00084  0.00420  2.67   98649     414  492282  4554239  46.17
  1997        40-44     0.00141  0.00704  2.71   98235     691  489594  4061957  41.35
  1997        45-49     0.00219  0.01088  2.67   97544    1061  485249  3572363  36.62
  1997        50-54     0.00329  0.01632  2.64   96483    1575  478692  3087114  32.00
  1997        55-59     0.00467  0.02308  2.63   94908    2190  469350  2608421  27.48
  1997        60-64     0.00758  0.03723  2.69   92718    3451  455609  2139071  23.07
  1997        65-69     0.01256  0.06101  2.68   89267    5446  433701  1683462  18.86
  1997        70-74     0.02177  0.10361  2.68   83821    8684  398951  1249761  14.91
  1997        75-79     0.03922  0.17940  2.63   75136   13480  343714   850810  11.32
  1997        80-84     0.07272  0.30955  2.60   61657   19086  262456   507096   8.22
  1997        85-89     0.13090  0.49220  2.48   42571   20954  160067   244639   5.75
  1997        90-94     0.22487  0.69347  2.24   21617   14991   66666    84572   3.91
  1997        95-99     0.35256  0.84966  1.95    6626    5630   15970    17906   2.70
  1997       100-104    0.50673  0.93690  1.64     996     933    1842     1937   1.94
  1997       105-109    0.66129  0.97343  1.38      63      61      93       95   1.51
  1997       110+       0.77482  1.00000  1.29       2       2       2        2   1.29
  1998           0      0.00408  0.00406  0.14  100000     406   99651  8053728  80.54
  1998         1-4      0.00025  0.00099  1.50   99594      99  398128  7954077  79.87
  1998         5-9      0.00010  0.00048  2.41   99495      48  497351  7555948  75.94
  1998        10-14     0.00012  0.00058  2.74   99447      58  497104  7058597  70.98
  1998        15-19     0.00030  0.00148  2.71   99389     147  496609  6561493  66.02
  1998        20-24     0.00031  0.00153  2.34   99242     152  495807  6064884  61.11
  1998        25-29     0.00034  0.00172  2.55   99090     170  495032  5569077  56.20
  1998        30-34     0.00045  0.00223  2.67   98920     221  494084  5074045  51.29
  1998        35-39     0.00078  0.00390  2.71   98699     385  492612  4579961  46.40
  1998        40-44     0.00133  0.00664  2.71   98313     653  490071  4087349  41.57
  1998        45-49     0.00214  0.01064  2.66   97660    1039  485872  3597278  36.83
  1998        50-54     0.00315  0.01564  2.65   96621    1512  479549  3111406  32.20
  1998        55-59     0.00457  0.02260  2.65   95110    2149  470500  2631857  27.67
  1998        60-64     0.00726  0.03569  2.69   92961    3318  457127  2161357  23.25
  1998        65-69     0.01220  0.05933  2.68   89643    5319  435897  1704230  19.01
  1998        70-74     0.02115  0.10080  2.69   84324    8500  401986  1268334  15.04
  1998        75-79     0.03843  0.17619  2.64   75824   13360  347645   866347  11.43
  1998        80-84     0.07096  0.30343  2.61   62464   18953  267105   518702   8.30
  1998        85-89     0.12954  0.48780  2.47   43511   21224  163846   251597   5.78
  1998        90-94     0.22288  0.69043  2.24   22286   15387   69040    87750   3.94
  1998        95-99     0.35103  0.84850  1.96    6899    5854   16676    18710   2.71
  1998       100-104    0.50616  0.93678  1.64    1045     979    1934     2034   1.95
  1998       105-109    0.66180  0.97355  1.38      66      64      97       99   1.51
  1998       110+       0.77598  1.00000  1.29       2       2       2        2   1.29
  1999           0      0.00400  0.00399  0.14  100000     399   99657  8074556  80.75
  1999         1-4      0.00022  0.00087  1.62   99601      87  398197  7974899  80.07
  1999         5-9      0.00011  0.00056  2.53   99514      56  497434  7576702  76.14
  1999        10-14     0.00011  0.00057  2.75   99459      56  497166  7079268  71.18
  1999        15-19     0.00030  0.00150  2.81   99402     149  496685  6582102  66.22
  1999        20-24     0.00031  0.00154  2.44   99253     153  495874  6085417  61.31
  1999        25-29     0.00034  0.00169  2.54   99100     168  495088  5589544  56.40
  1999        30-34     0.00045  0.00223  2.68   98932     221  494149  5094456  51.49
  1999        35-39     0.00076  0.00381  2.74   98711     376  492709  4600307  46.60
  1999        40-44     0.00132  0.00658  2.69   98336     647  490185  4107598  41.77
  1999        45-49     0.00207  0.01031  2.65   97689    1007  486076  3617413  37.03
  1999        50-54     0.00317  0.01573  2.67   96682    1520  479862  3131336  32.39
  1999        55-59     0.00453  0.02243  2.62   95161    2134  470737  2651475  27.86
  1999        60-64     0.00700  0.03442  2.69   93027    3202  457751  2180737  23.44
  1999        65-69     0.01181  0.05749  2.70   89825    5164  437256  1722986  19.18
  1999        70-74     0.02042  0.09747  2.68   84661    8252  404141  1285729  15.19
  1999        75-79     0.03802  0.17494  2.72   76409   13367  351546   881588  11.54
  1999        80-84     0.06891  0.29681  2.67   63042   18711  271536   530042   8.41
  1999        85-89     0.12749  0.48270  2.49   44331   21398  167842   258506   5.83
  1999        90-94     0.22091  0.68743  2.25   22932   15764   71360    90664   3.95
  1999        95-99     0.35361  0.85113  1.95    7168    6101   17253    19304   2.69
  1999       100-104    0.51276  0.93936  1.63    1067    1002    1955     2051   1.92
  1999       105-109    0.67123  0.97501  1.36      65      63      94       96   1.48
  1999       110+       0.78603  1.00000  1.27       2       2       2        2   1.27
  2000           0      0.00386  0.00385  0.14  100000     385   99670  8099389  80.99
  2000         1-4      0.00021  0.00085  1.51   99615      85  398250  7999719  80.31
  2000         5-9      0.00010  0.00049  2.40   99530      49  497525  7601469  76.37
  2000        10-14     0.00011  0.00056  2.65   99482      56  497277  7103944  71.41
  2000        15-19     0.00028  0.00139  2.81   99426     138  496826  6606667  66.45
  2000        20-24     0.00032  0.00160  2.46   99287     159  496034  6109841  61.54
  2000        25-29     0.00032  0.00160  2.66   99129     159  495272  5613807  56.63
  2000        30-34     0.00044  0.00222  2.72   98970     220  494349  5118535  51.72
  2000        35-39     0.00074  0.00369  2.72   98750     365  492919  4624186  46.83
  2000        40-44     0.00128  0.00639  2.74   98385     628  490504  4131267  41.99
  2000        45-49     0.00205  0.01021  2.67   97757     998  486460  3640764  37.24
  2000        50-54     0.00313  0.01553  2.64   96759    1503  480249  3154304  32.60
  2000        55-59     0.00452  0.02235  2.62   95256    2129  471211  2674055  28.07
  2000        60-64     0.00682  0.03355  2.67   93127    3124  458341  2202844  23.65
  2000        65-69     0.01144  0.05572  2.68   90003    5015  438360  1744504  19.38
  2000        70-74     0.01980  0.09466  2.67   84988    8045  406217  1306143  15.37
  2000        75-79     0.03609  0.16648  2.68   76943   12809  354950   899926  11.70
  2000        80-84     0.06729  0.28952  2.59   64134   18568  275924   544975   8.50
  2000        85-89     0.12585  0.47736  2.47   45566   21752  172837   269052   5.90
  2000        90-94     0.21558  0.67804  2.26   23814   16147   74899    96215   4.04
  2000        95-99     0.34116  0.83981  1.98    7667    6439   18874    21316   2.78
  2000       100-104    0.49476  0.93256  1.66    1228    1145    2315     2442   1.99
  2000       105-109    0.65093  0.97188  1.39      83      81     124      127   1.53
  2000       110+       0.76681  1.00000  1.30       2       2       3        3   1.30
  2001           0      0.00369  0.00368  0.14  100000     368   99684  8127401  81.27
  2001         1-4      0.00023  0.00090  1.62   99632      90  398314  8027717  80.57
  2001         5-9      0.00010  0.00049  2.43   99542      49  497584  7629403  76.64
  2001        10-14     0.00012  0.00058  2.84   99493      57  497341  7131818  71.68
  2001        15-19     0.00027  0.00135  2.96   99436     134  496905  6634477  66.72
  2001        20-24     0.00029  0.00143  2.38   99302     142  496136  6137572  61.81
  2001        25-29     0.00030  0.00151  2.59   99159     150  495435  5641436  56.89
  2001        30-34     0.00038  0.00191  2.68   99009     189  494607  5146001  51.97
  2001        35-39     0.00074  0.00368  2.68   98820     364  493259  4651394  47.07
  2001        40-44     0.00122  0.00608  2.69   98456     599  490899  4158135  42.23
  2001        45-49     0.00203  0.01009  2.69   97857     987  487006  3667236  37.48
  2001        50-54     0.00311  0.01541  2.66   96870    1493  480860  3180229  32.83
  2001        55-59     0.00448  0.02216  2.63   95377    2114  471885  2699370  28.30
  2001        60-64     0.00657  0.03234  2.68   93263    3016  459317  2227485  23.88
  2001        65-69     0.01107  0.05397  2.70   90247    4871  440020  1768168  19.59
  2001        70-74     0.01914  0.09163  2.69   85376    7823  408806  1328147  15.56
  2001        75-79     0.03492  0.16160  2.70   77553   12533  358884   919341  11.85
  2001        80-84     0.06572  0.28388  2.60   65020   18458  280844   560457   8.62
  2001        85-89     0.12167  0.46622  2.49   46562   21708  178414   279613   6.01
  2001        90-94     0.21330  0.67409  2.27   24854   16754   78546   101199   4.07
  2001        95-99     0.33871  0.83782  1.98    8100    6787   20036    22652   2.80
  2001       100-104    0.49379  0.93233  1.66    1314    1225    2480     2616   1.99
  2001       105-109    0.65169  0.97206  1.39      89      86     133      136   1.53
  2001       110+       0.76864  1.00000  1.30       2       2       3        3   1.30
  2002           0      0.00387  0.00386  0.14  100000     386   99669  8128236  81.28
  2002         1-4      0.00024  0.00095  1.59   99614      94  398231  8028567  80.60
  2002         5-9      0.00009  0.00046  2.20   99520      46  497472  7630336  76.67
  2002        10-14     0.00010  0.00051  2.72   99474      51  497255  7132864  71.71
  2002        15-19     0.00025  0.00125  2.72   99423     124  496833  6635610  66.74
  2002        20-24     0.00029  0.00145  2.46   99299     144  496129  6138776  61.82
  2002        25-29     0.00029  0.00147  2.53   99155     146  495415  5642647  56.91
  2002        30-34     0.00040  0.00200  2.68   99009     198  494586  5147232  51.99
  2002        35-39     0.00067  0.00334  2.70   98811     330  493297  4652646  47.09
  2002        40-44     0.00122  0.00606  2.74   98481     597  491060  4159349  42.23
  2002        45-49     0.00205  0.01018  2.67   97884     997  487094  3668289  37.48
  2002        50-54     0.00309  0.01534  2.65   96888    1487  480949  3181195  32.83
  2002        55-59     0.00448  0.02218  2.62   95401    2116  471970  2700246  28.30
  2002        60-64     0.00648  0.03191  2.65   93285    2977  459420  2228275  23.89
  2002        65-69     0.01084  0.05288  2.69   90308    4776  440503  1768856  19.59
  2002        70-74     0.01904  0.09120  2.69   85532    7801  409647  1328353  15.53
  2002        75-79     0.03462  0.16017  2.67   77731   12450  359666   918706  11.82
  2002        80-84     0.06623  0.28558  2.59   65281   18643  281500   559041   8.56
  2002        85-89     0.12318  0.47109  2.50   46638   21971  178372   277540   5.95
  2002        90-94     0.21632  0.67969  2.27   24667   16766   77506    99168   4.02
  2002        95-99     0.34642  0.84497  1.97    7901    6676   19272    21662   2.74
  2002       100-104    0.50471  0.93654  1.64    1225    1147    2273     2390   1.95
  2002       105-109    0.66386  0.97397  1.37      78      76     114      117   1.50
  2002       110+       0.78008  1.00000  1.28       2       2       3        3   1.28
  2003           0      0.00372  0.00371  0.14  100000     371   99681  8136807  81.37
  2003         1-4      0.00020  0.00082  1.52   99629      81  398314  8037126  80.67
  2003         5-9      0.00010  0.00052  2.28   99548      52  497596  7638812  76.74
  2003        10-14     0.00010  0.00051  2.64   99496      51  497358  7141216  71.77
  2003        15-19     0.00024  0.00118  2.75   99445     118  496958  6643858  66.81
  2003        20-24     0.00027  0.00135  2.41   99327     134  496285  6146900  61.89
  2003        25-29     0.00029  0.00144  2.59   99192     143  495617  5650615  56.97
  2003        30-34     0.00040  0.00198  2.67   99049     196  494788  5154998  52.04
  2003        35-39     0.00066  0.00330  2.75   98853     326  493532  4660210  47.14
  2003        40-44     0.00117  0.00581  2.74   98527     573  491339  4166678  42.29
  2003        45-49     0.00196  0.00978  2.70   97954     958  487573  3675339  37.52
  2003        50-54     0.00305  0.01515  2.65   96997    1469  481536  3187766  32.86
  2003        55-59     0.00449  0.02222  2.66   95527    2122  472672  2706230  28.33
  2003        60-64     0.00637  0.03138  2.64   93405    2931  460122  2233558  23.91
  2003        65-69     0.01046  0.05109  2.71   90474    4623  441766  1773436  19.60
  2003        70-74     0.01889  0.09048  2.69   85852    7768  411318  1331670  15.51
  2003        75-79     0.03435  0.15907  2.68   78083   12421  361586   920352  11.79
  2003        80-84     0.06652  0.28665  2.59   65663   18822  282975   558767   8.51
  2003        85-89     0.12507  0.47661  2.50   46840   22325  178501   275791   5.89
  2003        90-94     0.21965  0.68538  2.26   24516   16803   76496    97291   3.97
  2003        95-99     0.35304  0.85089  1.96    7713    6563   18590    20795   2.70
  2003       100-104    0.51403  0.93993  1.63    1150    1081    2103     2205   1.92
  2003       105-109    0.67411  0.97547  1.36      69      67     100      102   1.48
  2003       110+       0.78954  1.00000  1.27       2       2       2        2   1.27
  2004           0      0.00376  0.00374  0.14  100000     374   99678  8189063  81.89
  2004         1-4      0.00020  0.00081  1.64   99626      80  398312  8089384  81.20
  2004         5-9      0.00009  0.00043  2.22   99545      43  497607  7691072  77.26
  2004        10-14     0.00008  0.00042  2.56   99502      42  497409  7193465  72.29
  2004        15-19     0.00023  0.00116  2.72   99460     115  497039  6696056  67.32
  2004        20-24     0.00027  0.00136  2.47   99345     135  496383  6199016  62.40
  2004        25-29     0.00028  0.00138  2.62   99210     137  495723  5702633  57.48
  2004        30-34     0.00037  0.00182  2.66   99073     181  494943  5206910  52.56
  2004        35-39     0.00060  0.00300  2.70   98892     297  493781  4711967  47.65
  2004        40-44     0.00105  0.00525  2.73   98596     517  491804  4218186  42.78
  2004        45-49     0.00195  0.00972  2.72   98078     953  488215  3726382  37.99
  2004        50-54     0.00290  0.01439  2.63   97125    1398  482315  3238167  33.34
  2004        55-59     0.00444  0.02195  2.67   95727    2101  473746  2755852  28.79
  2004        60-64     0.00621  0.03061  2.62   93626    2866  461321  2282106  24.37
  2004        65-69     0.00995  0.04863  2.72   90760    4413  443744  1820785  20.06
  2004        70-74     0.01759  0.08454  2.71   86346    7300  415009  1377042  15.95
  2004        75-79     0.03232  0.15038  2.69   79046   11887  367725   962033  12.17
  2004        80-84     0.06338  0.27629  2.68   67160   18556  292793   594308   8.85
  2004        85-89     0.11480  0.44869  2.57   48604   21808  189962   301515   6.20
  2004        90-94     0.20632  0.66092  2.28   26796   17710   85838   111554   4.16
  2004        95-99     0.33377  0.83367  2.00    9086    7575   22694    25716   2.83
  2004       100-104    0.49160  0.93176  1.67    1511    1408    2864     3022   2.00
  2004       105-109    0.65283  0.97236  1.39     103     100     154      157   1.53
  2004       110+       0.77188  1.00000  1.30       3       3       4        4   1.30
  2005           0      0.00340  0.00339  0.14  100000     339   99709  8196664  81.97
  2005         1-4      0.00019  0.00075  1.47   99661      75  398454  8096954  81.24
  2005         5-9      0.00010  0.00050  2.25   99586      50  497793  7698500  77.30
  2005        10-14     0.00011  0.00056  2.66   99536      56  497549  7200707  72.34
  2005        15-19     0.00020  0.00099  2.77   99480      98  497180  6703158  67.38
  2005        20-24     0.00024  0.00118  2.49   99382     117  496614  6205978  62.45
  2005        25-29     0.00025  0.00125  2.55   99264     124  496016  5709364  57.52
  2005        30-34     0.00037  0.00187  2.60   99140     185  495255  5213348  52.59
  2005        35-39     0.00059  0.00297  2.69   98955     294  494093  4718093  47.68
  2005        40-44     0.00108  0.00539  2.76   98661     532  492114  4224000  42.81
  2005        45-49     0.00188  0.00938  2.72   98129     920  488545  3731886  38.03
  2005        50-54     0.00290  0.01439  2.67   97209    1399  482786  3243341  33.36
  2005        55-59     0.00437  0.02161  2.63   95810    2071  474141  2760555  28.81
  2005        60-64     0.00639  0.03148  2.58   93739    2951  461562  2286414  24.39
  2005        65-69     0.00965  0.04719  2.70   90788    4285  444082  1824852  20.10
  2005        70-74     0.01719  0.08268  2.69   86504    7152  416026  1380770  15.96
  2005        75-79     0.03178  0.14806  2.69   79351   11748  369673   964744  12.16
  2005        80-84     0.06213  0.27098  2.64   67603   18319  294848   595071   8.80
  2005        85-89     0.11725  0.45292  2.49   49284   22322  190384   300222   6.09
  2005        90-94     0.21235  0.67068  2.25   26962   18083   85156   109838   4.07
  2005        95-99     0.34068  0.84030  1.99    8879    7461   21901    24682   2.78
  2005       100-104    0.50170  0.93571  1.65    1418    1327    2645     2781   1.96
  2005       105-109    0.66425  0.97413  1.37      91      89     134      137   1.50
  2005       110+       0.78263  1.00000  1.28       2       2       3        3   1.28
  2006           0      0.00348  0.00347  0.14  100000     347   99702  8223969  82.24
  2006         1-4      0.00016  0.00065  1.64   99653      65  398457  8124267  81.53
  2006         5-9      0.00007  0.00036  2.45   99587      36  497846  7725811  77.58
  2006        10-14     0.00010  0.00048  2.86   99552      48  497655  7227965  72.61
  2006        15-19     0.00020  0.00099  2.82   99504      98  497304  6730310  67.64
  2006        20-24     0.00023  0.00116  2.53   99405     115  496742  6233006  62.70
  2006        25-29     0.00025  0.00125  2.59   99290     125  496150  5736265  57.77
  2006        30-34     0.00035  0.00177  2.65   99166     176  495414  5240115  52.84
  2006        35-39     0.00058  0.00290  2.67   98990     287  494281  4744701  47.93
  2006        40-44     0.00101  0.00506  2.70   98703     500  492365  4250420  43.06
  2006        45-49     0.00182  0.00908  2.66   98203     892  488930  3758055  38.27
  2006        50-54     0.00284  0.01410  2.64   97311    1372  483315  3269125  33.59
  2006        55-59     0.00423  0.02093  2.66   95939    2008  474998  2785811  29.04
  2006        60-64     0.00629  0.03098  2.61   93931    2910  462697  2310812  24.60
  2006        65-69     0.00919  0.04499  2.68   91022    4095  445604  1848116  20.30
  2006        70-74     0.01665  0.08019  2.71   86927    6971  418678  1402511  16.13
  2006        75-79     0.03103  0.14478  2.69   79956   11576  373052   983834  12.30
  2006        80-84     0.06064  0.26528  2.64   68380   18140  299141   610782   8.93
  2006        85-89     0.11513  0.44716  2.50   50240   22466  195130   311641   6.20
  2006        90-94     0.20440  0.65860  2.30   27775   18293   89495   116511   4.19
  2006        95-99     0.33113  0.83129  2.01    9482    7882   23804    27016   2.85
  2006       100-104    0.48941  0.93097  1.67    1600    1489    3043     3212   2.01
  2006       105-109    0.65156  0.97219  1.39     110     107     165      169   1.53
  2006       110+       0.77139  1.00000  1.30       3       3       4        4   1.30
  2007           0      0.00346  0.00345  0.14  100000     345   99704  8240108  82.40
  2007         1-4      0.00018  0.00073  1.60   99655      73  398445  8140404  81.69
  2007         5-9      0.00007  0.00035  2.31   99582      35  497817  7741959  77.74
  2007        10-14     0.00009  0.00043  2.75   99547      43  497640  7244142  72.77
  2007        15-19     0.00019  0.00094  2.83   99504      93  497320  6746502  67.80
  2007        20-24     0.00023  0.00113  2.55   99411     112  496780  6249183  62.86
  2007        25-29     0.00026  0.00130  2.67   99299     129  496193  5752403  57.93
  2007        30-34     0.00036  0.00179  2.67   99170     178  495435  5256210  53.00
  2007        35-39     0.00056  0.00281  2.78   98992     278  494343  4760775  48.09
  2007        40-44     0.00095  0.00475  2.72   98714     469  492502  4266432  43.22
  2007        45-49     0.00174  0.00868  2.68   98245     853  489245  3773930  38.41
  2007        50-54     0.00282  0.01403  2.64   97392    1366  483736  3284686  33.73
  2007        55-59     0.00426  0.02108  2.62   96026    2024  475310  2800950  29.17
  2007        60-64     0.00622  0.03062  2.62   94002    2879  463157  2325640  24.74
  2007        65-69     0.00919  0.04499  2.68   91123    4100  446090  1862482  20.44
  2007        70-74     0.01594  0.07687  2.71   87023    6690  419762  1416392  16.28
  2007        75-79     0.03018  0.14109  2.70   80333   11335  375541   996630  12.41
  2007        80-84     0.05917  0.25962  2.64   68998   17913  302728   621089   9.00
  2007        85-89     0.11363  0.44245  2.50   51085   22602  198913   318361   6.23
  2007        90-94     0.20423  0.65861  2.30   28483   18759   91854   119448   4.19
  2007        95-99     0.33251  0.83289  2.00    9724    8099   24357    27594   2.84
  2007       100-104    0.49343  0.93271  1.67    1625    1516    3072     3237   1.99
  2007       105-109    0.65755  0.97318  1.38     109     106     162      166   1.51
  2007       110+       0.77789  1.00000  1.29       3       3       4        4   1.29
  2008           0      0.00308  0.00308  0.14  100000     308   99736  8239198  82.39
  2008         1-4      0.00019  0.00075  1.67   99692      75  398595  8139461  81.65
  2008         5-9      0.00008  0.00038  2.37   99617      38  497987  7740866  77.71
  2008        10-14     0.00009  0.00047  2.78   99580      47  497794  7242879  72.73
  2008        15-19     0.00018  0.00088  2.68   99533      88  497461  6745085  67.77
  2008        20-24     0.00022  0.00111  2.55   99445     111  496954  6247624  62.82
  2008        25-29     0.00027  0.00133  2.49   99334     132  496341  5750671  57.89
  2008        30-34     0.00033  0.00164  2.64   99202     163  495628  5254330  52.97
  2008        35-39     0.00056  0.00278  2.72   99040     275  494570  4758702  48.05
  2008        40-44     0.00095  0.00472  2.72   98764     467  492759  4264132  43.17
  2008        45-49     0.00176  0.00874  2.71   98298     859  489526  3771373  38.37
  2008        50-54     0.00280  0.01391  2.65   97439    1355  484005  3281847  33.68
  2008        55-59     0.00420  0.02079  2.65   96084    1998  475729  2797842  29.12
  2008        60-64     0.00646  0.03181  2.64   94086    2993  463369  2322112  24.68
  2008        65-69     0.00923  0.04518  2.66   91092    4116  445831  1858743  20.41
  2008        70-74     0.01577  0.07611  2.72   86977    6619  419764  1412912  16.24
  2008        75-79     0.03004  0.14048  2.70   80357   11289  375826   993148  12.36
  2008        80-84     0.05928  0.26009  2.65   69069   17964  303045   617322   8.94
  2008        85-89     0.11559  0.44823  2.50   51105   22907  198170   314277   6.15
  2008        90-94     0.20884  0.66847  2.31   28198   18850   90256   116107   4.12
  2008        95-99     0.34247  0.84244  1.98    9348    7875   22996    25851   2.77
  2008       100-104    0.50805  0.93830  1.64    1473    1382    2720     2855   1.94
  2008       105-109    0.67397  0.97563  1.36      91      89     132      134   1.48
  2008       110+       0.79313  1.00000  1.26       2       2       3        3   1.26
  2009           0      0.00304  0.00303  0.14  100000     303   99740  8248414  82.48
  2009         1-4      0.00016  0.00065  1.64   99697      64  398636  8148674  81.73
  2009         5-9      0.00008  0.00042  2.23   99632      41  498048  7750039  77.79
  2009        10-14     0.00010  0.00048  2.69   99591      48  497844  7251991  72.82
  2009        15-19     0.00019  0.00095  2.71   99543      95  497497  6754147  67.85
  2009        20-24     0.00023  0.00117  2.53   99448     117  496952  6256650  62.91
  2009        25-29     0.00026  0.00130  2.58   99332     129  496344  5759698  57.98
  2009        30-34     0.00036  0.00181  2.71   99202     179  495599  5263354  53.06
  2009        35-39     0.00054  0.00270  2.75   99023     268  494511  4767755  48.15
  2009        40-44     0.00094  0.00468  2.72   98755     462  492723  4273244  43.27
  2009        45-49     0.00170  0.00847  2.72   98293     832  489567  3780520  38.46
  2009        50-54     0.00276  0.01370  2.68   97461    1335  484211  3290953  33.77
  2009        55-59     0.00416  0.02060  2.65   96125    1981  475972  2806743  29.20
  2009        60-64     0.00631  0.03108  2.65   94145    2926  463839  2330770  24.76
  2009        65-69     0.00932  0.04560  2.63   91219    4160  446235  1866932  20.47
  2009        70-74     0.01530  0.07391  2.72   87059    6434  420627  1420696  16.32
  2009        75-79     0.02955  0.13843  2.72   80624   11160  377660  1000070  12.40
  2009        80-84     0.05918  0.26001  2.67   69464   18061  305182   622410   8.96
  2009        85-89     0.11737  0.45603  2.56   51403   23441  199717   317228   6.17
  2009        90-94     0.20252  0.66086  2.37   27962   18479   91243   117511   4.20
  2009        95-99     0.34178  0.84185  1.99    9483    7983   23358    26267   2.77
  2009       100-104    0.50744  0.93810  1.64    1500    1407    2773     2910   1.94
  2009       105-109    0.67358  0.97558  1.36      93      91     134      137   1.48
  2009       110+       0.79294  1.00000  1.26       2       2       3        3   1.26
  2010           0      0.00316  0.00315  0.14  100000     315   99730  8261949  82.62
  2010         1-4      0.00017  0.00067  1.58   99685      66  398580  8162219  81.88
  2010         5-9      0.00008  0.00041  2.46   99619      41  497990  7763639  77.93
  2010        10-14     0.00007  0.00037  2.56   99578      37  497799  7265649  72.96
  2010        15-19     0.00018  0.00092  2.80   99541      91  497502  6767850  67.99
  2010        20-24     0.00023  0.00113  2.48   99449     112  496963  6270348  63.05
  2010        25-29     0.00026  0.00130  2.57   99337     129  496371  5773385  58.12
  2010        30-34     0.00034  0.00171  2.71   99208     169  495653  5277014  53.19
  2010        35-39     0.00054  0.00269  2.69   99039     267  494577  4781361  48.28
  2010        40-44     0.00093  0.00464  2.73   98772     459  492820  4286784  43.40
  2010        45-49     0.00163  0.00811  2.77   98313     797  489786  3793964  38.59
  2010        50-54     0.00277  0.01376  2.68   97516    1342  484463  3304177  33.88
  2010        55-59     0.00407  0.02014  2.61   96175    1937  476252  2819714  29.32
  2010        60-64     0.00633  0.03118  2.64   94238    2939  464244  2343462  24.87
  2010        65-69     0.00924  0.04522  2.61   91299    4129  446624  1879218  20.58
  2010        70-74     0.01494  0.07222  2.70   87170    6296  421341  1432595  16.43
  2010        75-79     0.02926  0.13707  2.70   80875   11085  378898  1011254  12.50
  2010        80-84     0.05758  0.25385  2.67   69789   17716  307696   632356   9.06
  2010        85-89     0.11313  0.44238  2.54   52073   23036  203630   324660   6.23
  2010        90-94     0.20450  0.65836  2.30   29037   19117   93481   121030   4.17
  2010        95-99     0.34064  0.84106  1.99    9920    8344   24494    27549   2.78
  2010       100-104    0.50808  0.93847  1.64    1577    1480    2912     3055   1.94
  2010       105-109    0.67591  0.97595  1.36      97      95     140      143   1.47
  2010       110+       0.79597  1.00000  1.26       2       2       3        3   1.26
  2011           0      0.00325  0.00324  0.14  100000     324   99722  8283017  82.83
  2011         1-4      0.00016  0.00063  1.68   99676      62  398559  8183295  82.10
  2011         5-9      0.00009  0.00043  2.25   99613      43  497949  7784736  78.15
  2011        10-14     0.00009  0.00043  2.82   99570      43  497758  7286788  73.18
  2011        15-19     0.00016  0.00080  2.83   99527      79  497465  6789030  68.21
  2011        20-24     0.00021  0.00103  2.44   99448     103  496977  6291565  63.26
  2011        25-29     0.00025  0.00127  2.71   99345     126  496437  5794589  58.33
  2011        30-34     0.00035  0.00176  2.67   99219     174  495691  5298151  53.40
  2011        35-39     0.00052  0.00262  2.76   99045     260  494643  4802460  48.49
  2011        40-44     0.00090  0.00450  2.72   98785     444  492913  4307817  43.61
  2011        45-49     0.00160  0.00798  2.72   98341     785  489916  3814904  38.79
  2011        50-54     0.00271  0.01346  2.69   97556    1313  484742  3324988  34.08
  2011        55-59     0.00416  0.02059  2.65   96243    1982  476552  2840246  29.51
  2011        60-64     0.00640  0.03152  2.65   94261    2971  464315  2363694  25.08
  2011        65-69     0.00930  0.04549  2.64   91289    4153  446648  1899379  20.81
  2011        70-74     0.01455  0.07039  2.71   87136    6133  421641  1452732  16.67
  2011        75-79     0.02775  0.13045  2.70   81002   10567  380734  1031091  12.73
  2011        80-84     0.05536  0.24518  2.67   70436   17269  311924   650356   9.23
  2011        85-89     0.10935  0.43109  2.55   53166   22920  209599   338432   6.37
  2011        90-94     0.19829  0.64600  2.30   30247   19539   98538   128834   4.26
  2011        95-99     0.33324  0.83433  2.01   10707    8933   26808    30296   2.83
  2011       100-104    0.50024  0.93571  1.66    1774    1660    3318     3488   1.97
  2011       105-109    0.66930  0.97507  1.37     114     111     166      170   1.49
  2011       110+       0.79115  1.00000  1.26       3       3       4        4   1.26
  2012           0      0.00307  0.00306  0.14  100000     306   99738  8294240  82.94
  2012         1-4      0.00014  0.00055  1.69   99694      55  398648  8194502  82.20
  2012         5-9      0.00008  0.00038  2.24   99639      38  498089  7795854  78.24
  2012        10-14     0.00006  0.00030  2.69   99601      30  497934  7297765  73.27
  2012        15-19     0.00016  0.00080  2.78   99571      79  497677  6799831  68.29
  2012        20-24     0.00019  0.00097  2.73   99491      96  497237  6302154  63.34
  2012        25-29     0.00023  0.00117  2.59   99395     116  496694  5804917  58.40
  2012        30-34     0.00032  0.00159  2.78   99279     158  496042  5308224  53.47
  2012        35-39     0.00051  0.00255  2.66   99121     253  495011  4812182  48.55
  2012        40-44     0.00087  0.00436  2.72   98867     431  493354  4317171  43.67
  2012        45-49     0.00153  0.00761  2.75   98437     749  490498  3823817  38.85
  2012        50-54     0.00263  0.01309  2.67   97688    1279  485464  3333319  34.12
  2012        55-59     0.00403  0.01998  2.66   96409    1926  477542  2847855  29.54
  2012        60-64     0.00623  0.03069  2.66   94483    2900  465620  2370313  25.09
  2012        65-69     0.00932  0.04557  2.63   91583    4174  448019  1904693  20.80
  2012        70-74     0.01444  0.06986  2.66   87409    6106  422764  1456674  16.67
  2012        75-79     0.02734  0.12871  2.73   81303   10464  382755  1033910  12.72
  2012        80-84     0.05553  0.24595  2.68   70839   17423  313754   651155   9.19
  2012        85-89     0.11003  0.43314  2.54   53416   23136  210265   337401   6.32
  2012        90-94     0.20181  0.65142  2.28   30279   19725   97737   127135   4.20
  2012        95-99     0.33929  0.84017  2.00   10555    8868   26136    29398   2.79
  2012       100-104    0.50913  0.93902  1.64    1687    1584    3111     3262   1.93
  2012       105-109    0.67918  0.97646  1.35     103     100     148      151   1.47
  2012       110+       0.80012  1.00000  1.25       2       2       3        3   1.25
  2013           0      0.00297  0.00296  0.14  100000     296   99746  8286081  82.86
  2013         1-4      0.00014  0.00057  1.49   99704      57  398671  8186335  82.11
  2013         5-9      0.00008  0.00038  2.29   99647      38  498129  7787664  78.15
  2013        10-14     0.00008  0.00040  2.83   99608      40  497956  7289534  73.18
  2013        15-19     0.00017  0.00085  2.68   99569      84  497649  6791578  68.21
  2013        20-24     0.00020  0.00099  2.56   99485      99  497183  6293929  63.27
  2013        25-29     0.00024  0.00121  2.62   99386     120  496645  5796747  58.33
  2013        30-34     0.00035  0.00173  2.66   99266     172  495928  5300102  53.39
  2013        35-39     0.00053  0.00267  2.70   99094     264  494862  4804174  48.48
  2013        40-44     0.00087  0.00435  2.70   98830     430  493158  4309313  43.60
  2013        45-49     0.00150  0.00747  2.71   98400     735  490318  3816154  38.78
  2013        50-54     0.00262  0.01303  2.71   97665    1273  485404  3325836  34.05
  2013        55-59     0.00414  0.02049  2.65   96392    1975  477322  2840433  29.47
  2013        60-64     0.00629  0.03098  2.69   94417    2925  465317  2363111  25.03
  2013        65-69     0.00969  0.04736  2.65   91492    4333  447280  1897794  20.74
  2013        70-74     0.01455  0.07035  2.66   87159    6132  421457  1450514  16.64
  2013        75-79     0.02713  0.12778  2.74   81027   10354  381690  1029057  12.70
  2013        80-84     0.05551  0.24591  2.68   70673   17380  313112   647367   9.16
  2013        85-89     0.11124  0.43682  2.54   53294   23280  209281   334254   6.27
  2013        90-94     0.20392  0.65551  2.28   30014   19675   96483   124973   4.16
  2013        95-99     0.34350  0.84410  1.99   10339    8728   25408    28490   2.76
  2013       100-104    0.51522  0.94118  1.63    1612    1517    2945     3082   1.91
  2013       105-109    0.68582  0.97734  1.34      95      93     135      138   1.45
  2013       110+       0.80604  1.00000  1.24       2       2       3        3   1.24
  2014           0      0.00299  0.00298  0.14  100000     298   99744  8333032  83.33
  2014         1-4      0.00014  0.00058  1.57   99702      57  398667  8233287  82.58
  2014         5-9      0.00005  0.00027  2.77   99644      27  498160  7834620  78.63
  2014        10-14     0.00007  0.00035  2.87   99617      35  498010  7336460  73.65
  2014        15-19     0.00015  0.00076  2.87   99582      76  497748  6838450  68.67
  2014        20-24     0.00019  0.00094  2.56   99506      93  497303  6340702  63.72
  2014        25-29     0.00021  0.00105  2.70   99413     104  496825  5843399  58.78
  2014        30-34     0.00032  0.00160  2.66   99309     159  496171  5346574  53.84
  2014        35-39     0.00050  0.00249  2.73   99150     247  495188  4850404  48.92
  2014        40-44     0.00083  0.00415  2.71   98902     410  493573  4355216  44.04
  2014        45-49     0.00143  0.00714  2.73   98492     704  490867  3861643  39.21
  2014        50-54     0.00253  0.01259  2.71   97789    1231  486119  3370776  34.47
  2014        55-59     0.00400  0.01983  2.70   96558    1915  478392  2884657  29.87
  2014        60-64     0.00605  0.02985  2.64   94643    2825  466536  2406265  25.42
  2014        65-69     0.00934  0.04567  2.64   91818    4194  449211  1939729  21.13
  2014        70-74     0.01410  0.06823  2.64   87624    5978  424041  1490519  17.01
  2014        75-79     0.02558  0.12088  2.74   81646    9869  385884  1066477  13.06
  2014        80-84     0.05173  0.23095  2.68   71777   16577  320440   680593   9.48
  2014        85-89     0.10416  0.41530  2.56   55200   22925  220092   360154   6.52
  2014        90-94     0.19454  0.64343  2.37   32276   20767  106749   140062   4.34
  2014        95-99     0.32427  0.82597  2.03   11508    9506   29314    33313   2.89
  2014       100-104    0.49204  0.93282  1.67    2003    1868    3797     3999   2.00
  2014       105-109    0.66372  0.97435  1.38     135     131     198      202   1.50
  2014       110+       0.78810  1.00000  1.27       3       3       4        4   1.27
  2015           0      0.00312  0.00312  0.14  100000     312   99733  8297452  82.97
  2015         1-4      0.00015  0.00059  1.63   99688      59  398614  8197719  82.23
  2015         5-9      0.00006  0.00031  2.28   99629      31  498063  7799105  78.28
  2015        10-14     0.00009  0.00044  2.65   99598      44  497890  7301043  73.30
  2015        15-19     0.00017  0.00087  2.62   99555      86  497569  6803153  68.34
  2015        20-24     0.00019  0.00095  2.50   99469      95  497106  6305584  63.39
  2015        25-29     0.00024  0.00118  2.70   99374     117  496599  5808478  58.45
  2015        30-34     0.00036  0.00178  2.64   99256     177  495865  5311880  53.52
  2015        35-39     0.00051  0.00254  2.68   99080     252  494814  4816014  48.61
  2015        40-44     0.00084  0.00418  2.73   98828     413  493203  4321200  43.72
  2015        45-49     0.00145  0.00721  2.73   98415     709  490468  3827998  38.90
  2015        50-54     0.00249  0.01240  2.71   97706    1212  485756  3337529  34.16
  2015        55-59     0.00405  0.02004  2.67   96494    1934  477961  2851774  29.55
  2015        60-64     0.00631  0.03108  2.64   94560    2939  465869  2373813  25.10
  2015        65-69     0.00969  0.04738  2.64   91621    4341  447851  1907944  20.82
  2015        70-74     0.01491  0.07200  2.62   87281    6284  421426  1460093  16.73
  2015        75-79     0.02602  0.12280  2.71   80997    9947  382230  1038667  12.82
  2015        80-84     0.05395  0.23978  2.68   71050   17036  315751   656436   9.24
  2015        85-89     0.10938  0.43164  2.56   54014   23314  213155   340685   6.31
  2015        90-94     0.20502  0.66068  2.31   30700   20283   98930   127531   4.15
  2015        95-99     0.34477  0.84557  1.99   10417    8808   25548    28601   2.75
  2015       100-104    0.51944  0.94277  1.62    1609    1517    2920     3052   1.90
  2015       105-109    0.69203  0.97818  1.33      92      90     130      133   1.44
  2015       110+       0.81243  1.00000  1.23       2       2       2        2   1.23
  2016           0      0.00323  0.00322  0.14  100000     322   99724  8326800  83.27
  2016         1-4      0.00014  0.00055  1.59   99678      54  398580  8227076  82.54
  2016         5-9      0.00007  0.00037  2.28   99623      37  498018  7828496  78.58
  2016        10-14     0.00008  0.00042  2.76   99587      42  497841  7330478  73.61
  2016        15-19     0.00016  0.00080  2.76   99545      80  497547  6832638  68.64
  2016        20-24     0.00017  0.00084  2.49   99465      84  497118  6335090  63.69
  2016        25-29     0.00022  0.00109  2.64   99382     108  496654  5837973  58.74
  2016        30-34     0.00035  0.00174  2.59   99274     172  495952  5341319  53.80
  2016        35-39     0.00050  0.00250  2.69   99101     248  494932  4845367  48.89
  2016        40-44     0.00085  0.00424  2.63   98853     419  493274  4350435  44.01
  2016        45-49     0.00145  0.00725  2.74   98434     713  490559  3857161  39.19
  2016        50-54     0.00240  0.01193  2.70   97721    1166  485928  3366602  34.45
  2016        55-59     0.00406  0.02011  2.68   96555    1942  478265  2880674  29.83
  2016        60-64     0.00622  0.03067  2.65   94613    2902  466234  2402409  25.39
  2016        65-69     0.00961  0.04701  2.65   91711    4311  448434  1936175  21.11
  2016        70-74     0.01490  0.07195  2.64   87400    6289  422144  1487740  17.02
  2016        75-79     0.02472  0.11698  2.72   81112    9489  383909  1065596  13.14
  2016        80-84     0.05111  0.22844  2.68   71623   16362  320144   681687   9.52
  2016        85-89     0.10364  0.41392  2.57   55261   22874  220701   361543   6.54
  2016        90-94     0.19304  0.63733  2.34   32387   20641  106929   140843   4.35
  2016        95-99     0.32517  0.82701  2.03   11746    9714   29874    33914   2.89
  2016       100-104    0.49423  0.93374  1.67    2032    1897    3839     4040   1.99
  2016       105-109    0.66679  0.97482  1.37     135     131     197      201   1.49
  2016       110+       0.79125  1.00000  1.26       3       3       4        4   1.26
  2017           0      0.00297  0.00297  0.14  100000     297   99746  8329077  83.29
  2017         1-4      0.00014  0.00055  1.65   99703      55  398684  8229331  82.54
  2017         5-9      0.00007  0.00036  2.17   99648      36  498139  7830647  78.58
  2017        10-14     0.00008  0.00040  2.76   99612      40  497971  7332508  73.61
  2017        15-19     0.00015  0.00075  2.68   99572      74  497688  6834537  68.64
  2017        20-24     0.00019  0.00094  2.46   99498      93  497252  6336849  63.69
  2017        25-29     0.00022  0.00108  2.72   99404     107  496778  5839598  58.75
  2017        30-34     0.00034  0.00172  2.66   99298     171  496088  5342820  53.81
  2017        35-39     0.00050  0.00250  2.72   99127     248  495067  4846732  48.89
  2017        40-44     0.00079  0.00396  2.70   98879     391  493495  4351665  44.01
  2017        45-49     0.00140  0.00697  2.70   98487     686  490861  3858170  39.17
  2017        50-54     0.00235  0.01168  2.74   97801    1143  486420  3367309  34.43
  2017        55-59     0.00390  0.01933  2.67   96659    1868  478950  2880889  29.80
  2017        60-64     0.00623  0.03071  2.64   94790    2911  467092  2401939  25.34
  2017        65-69     0.00953  0.04659  2.67   91879    4281  449410  1934848  21.06
  2017        70-74     0.01523  0.07349  2.64   87598    6437  422775  1485437  16.96
  2017        75-79     0.02476  0.11711  2.69   81161    9505  383872  1062663  13.09
  2017        80-84     0.05078  0.22721  2.69   71656   16281  320613   678791   9.47
  2017        85-89     0.10411  0.41517  2.56   55375   22990  220823   358178   6.47
  2017        90-94     0.19931  0.64897  2.31   32385   21017  105448   137355   4.24
  2017        95-99     0.33590  0.83777  2.01   11368    9524   28354    31907   2.81
  2017       100-104    0.51095  0.94006  1.64    1844    1734    3393     3554   1.93
  2017       105-109    0.68589  0.97747  1.34     111     108     158      161   1.45
  2017       110+       0.80872  1.00000  1.24       2       2       3        3   1.24
