Hong Kong, Life tables (period 5x1), Females	Last modified: 20 Jul 2021;  Methods Protocol: v6 (2017)

  Year          Age         mx       qx    ax      lx      dx      Lx       Tx     ex
  1986           0      0.00703  0.00698  0.13  100000     698   99396  7972856  79.73
  1986         1-4      0.00039  0.00156  1.58   99302     155  396831  7873461  79.29
  1986         5-9      0.00018  0.00089  2.59   99146      88  495520  7476629  75.41
  1986        10-14     0.00023  0.00114  2.72   99058     113  495033  6981109  70.47
  1986        15-19     0.00029  0.00146  2.90   98945     144  494423  6486076  65.55
  1986        20-24     0.00029  0.00146  2.35   98801     144  493622  5991652  60.64
  1986        25-29     0.00037  0.00186  2.64   98656     184  492850  5498031  55.73
  1986        30-34     0.00053  0.00264  2.72   98473     260  491771  5005181  50.83
  1986        35-39     0.00082  0.00408  2.59   98213     401  490098  4513410  45.96
  1986        40-44     0.00121  0.00604  2.73   97812     590  487719  4023312  41.13
  1986        45-49     0.00187  0.00933  2.82   97221     907  484128  3535593  36.37
  1986        50-54     0.00357  0.01769  2.68   96314    1704  477625  3051465  31.68
  1986        55-59     0.00515  0.02545  2.59   94611    2408  467250  2573840  27.20
  1986        60-64     0.00869  0.04260  2.74   92203    3928  452141  2106590  22.85
  1986        65-69     0.01480  0.07152  2.64   88275    6313  426476  1654449  18.74
  1986        70-74     0.02418  0.11442  2.66   81961    9378  387895  1227973  14.98
  1986        75-79     0.04082  0.18532  2.52   72583   13451  329549   840077  11.57
  1986        80-84     0.07056  0.30155  2.59   59132   17832  252707   510528   8.63
  1986        85-89     0.12216  0.46380  2.41   41301   19155  156799   257821   6.24
  1986        90-94     0.18730  0.62182  2.30   22145   13770   73522   101022   4.56
  1986        95-99     0.28277  0.77469  2.08    8375    6488   22945    27501   3.28
  1986       100-104    0.40188  0.88335  1.83    1887    1667    4148     4556   2.41
  1986       105-109    0.53400  0.94418  1.58     220     208     389      408   1.86
  1986       110+       0.64211  1.00000  1.56      12      12      19       19   1.56
  1987           0      0.00651  0.00648  0.14  100000     648   99440  7986910  79.87
  1987         1-4      0.00031  0.00124  1.57   99352     123  397111  7887469  79.39
  1987         5-9      0.00015  0.00076  2.72   99230      76  495976  7490358  75.49
  1987        10-14     0.00013  0.00067  2.91   99154      67  495631  6994383  70.54
  1987        15-19     0.00019  0.00093  2.89   99088      92  495244  6498752  65.59
  1987        20-24     0.00029  0.00143  2.39   98996     142  494609  6003508  60.64
  1987        25-29     0.00040  0.00200  2.82   98854     197  493841  5508899  55.73
  1987        30-34     0.00056  0.00279  2.50   98657     276  492596  5015058  50.83
  1987        35-39     0.00081  0.00404  2.76   98381     398  491017  4522462  45.97
  1987        40-44     0.00099  0.00494  2.59   97984     484  488754  4031445  41.14
  1987        45-49     0.00176  0.00878  2.85   97500     856  485659  3542691  36.34
  1987        50-54     0.00318  0.01581  2.72   96644    1528  479744  3057033  31.63
  1987        55-59     0.00509  0.02513  2.66   95116    2391  469991  2577289  27.10
  1987        60-64     0.00882  0.04324  2.68   92725    4009  454331  2107298  22.73
  1987        65-69     0.01469  0.07098  2.64   88716    6297  428719  1652966  18.63
  1987        70-74     0.02454  0.11595  2.63   82419    9556  389436  1224248  14.85
  1987        75-79     0.04011  0.18291  2.60   72862   13327  332290   834811  11.46
  1987        80-84     0.07697  0.32319  2.52   59535   19241  249978   502521   8.44
  1987        85-89     0.12055  0.46243  2.48   40294   18633  154564   252544   6.27
  1987        90-94     0.19034  0.62738  2.28   21661   13590   71396    97980   4.52
  1987        95-99     0.28237  0.77353  2.08    8071    6243   22110    26584   3.29
  1987       100-104    0.39627  0.87908  1.84    1828    1607    4055     4474   2.45
  1987       105-109    0.52276  0.94018  1.59     221     208     398      419   1.89
  1987       110+       0.62674  1.00000  1.60      13      13      21       21   1.60
  1988           0      0.00689  0.00685  0.13  100000     685   99407  7983768  79.84
  1988         1-4      0.00036  0.00143  1.75   99315     142  396940  7884361  79.39
  1988         5-9      0.00018  0.00088  2.38   99173      87  495637  7487421  75.50
  1988        10-14     0.00015  0.00076  2.63   99086      75  495252  6991785  70.56
  1988        15-19     0.00024  0.00119  2.84   99011     118  494800  6496532  65.61
  1988        20-24     0.00041  0.00203  2.55   98893     201  493974  6001732  60.69
  1988        25-29     0.00036  0.00179  2.64   98692     177  493043  5507757  55.81
  1988        30-34     0.00052  0.00262  2.56   98515     258  491947  5014714  50.90
  1988        35-39     0.00076  0.00379  2.68   98257     373  490423  4522767  46.03
  1988        40-44     0.00104  0.00518  2.75   97885     507  488284  4032344  41.19
  1988        45-49     0.00164  0.00818  2.60   97377     797  484977  3544060  36.40
  1988        50-54     0.00303  0.01502  2.57   96581    1451  479384  3059084  31.67
  1988        55-59     0.00486  0.02403  2.57   95130    2286  470083  2579700  27.12
  1988        60-64     0.00847  0.04155  2.69   92843    3858  455291  2109617  22.72
  1988        65-69     0.01510  0.07295  2.71   88986    6492  430049  1654327  18.59
  1988        70-74     0.02309  0.10959  2.68   82494    9041  391463  1224277  14.84
  1988        75-79     0.04206  0.19138  2.65   73453   14058  334193   832814  11.34
  1988        80-84     0.07608  0.31981  2.51   59396   18995  249668   498621   8.39
  1988        85-89     0.12374  0.47066  2.46   40400   19015  153672   248953   6.16
  1988        90-94     0.19363  0.63419  2.28   21385   13563   70042    95281   4.46
  1988        95-99     0.28903  0.78198  2.07    7823    6117   21165    25239   3.23
  1988       100-104    0.40685  0.88627  1.82    1706    1512    3715     4073   2.39
  1988       105-109    0.53666  0.94483  1.57     194     183     342      358   1.85
  1988       110+       0.64263  1.00000  1.56      11      11      17       17   1.56
  1989           0      0.00637  0.00633  0.14  100000     633   99453  8008355  80.08
  1989         1-4      0.00029  0.00116  1.51   99367     115  397182  7908902  79.59
  1989         5-9      0.00015  0.00075  1.97   99252      74  496035  7511720  75.68
  1989        10-14     0.00016  0.00079  2.80   99178      78  495717  7015685  70.74
  1989        15-19     0.00027  0.00135  2.73   99100     134  495195  6519968  65.79
  1989        20-24     0.00038  0.00192  2.71   98966     190  494394  6024774  60.88
  1989        25-29     0.00034  0.00170  2.67   98776     168  493487  5530380  55.99
  1989        30-34     0.00059  0.00296  2.68   98608     292  492360  5036893  51.08
  1989        35-39     0.00085  0.00422  2.64   98315     415  490598  4544533  46.22
  1989        40-44     0.00101  0.00505  2.63   97901     494  488335  4053935  41.41
  1989        45-49     0.00175  0.00873  2.63   97407     851  485016  3565601  36.61
  1989        50-54     0.00309  0.01534  2.76   96556    1481  479456  3080584  31.90
  1989        55-59     0.00509  0.02515  2.59   95075    2391  469601  2601129  27.36
  1989        60-64     0.00800  0.03925  2.63   92684    3638  454803  2131528  23.00
  1989        65-69     0.01390  0.06731  2.66   89046    5994  431194  1676725  18.83
  1989        70-74     0.02401  0.11369  2.67   83053    9442  393303  1245531  15.00
  1989        75-79     0.04027  0.18390  2.64   73610   13537  336138   852228  11.58
  1989        80-84     0.07405  0.31256  2.51   60073   18777  253584   516090   8.59
  1989        85-89     0.11416  0.44319  2.48   41297   18302  160324   262507   6.36
  1989        90-94     0.19330  0.63415  2.29   22994   14582   75438   102182   4.44
  1989        95-99     0.29346  0.78794  2.06    8412    6629   22588    26744   3.18
  1989       100-104    0.41769  0.89352  1.80    1784    1594    3816     4156   2.33
  1989       105-109    0.55369  0.95019  1.54     190     180     326      340   1.79
  1989       110+       0.66366  1.00000  1.51       9       9      14       14   1.51
  1990           0      0.00498  0.00496  0.14  100000     496   99573  8021894  80.22
  1990         1-4      0.00035  0.00140  1.36   99504     139  397649  7922322  79.62
  1990         5-9      0.00013  0.00063  2.57   99365      63  496671  7524673  75.73
  1990        10-14     0.00020  0.00099  2.81   99302      99  496293  7028002  70.77
  1990        15-19     0.00032  0.00158  2.64   99203     157  495646  6531709  65.84
  1990        20-24     0.00032  0.00160  2.59   99047     158  494851  6036064  60.94
  1990        25-29     0.00039  0.00195  2.64   98888     193  493988  5541212  56.03
  1990        30-34     0.00050  0.00252  2.76   98695     248  492920  5047225  51.14
  1990        35-39     0.00077  0.00386  2.62   98447     380  491331  4554305  46.26
  1990        40-44     0.00106  0.00530  2.69   98067     520  489135  4062973  41.43
  1990        45-49     0.00159  0.00794  2.57   97547     775  485850  3573839  36.64
  1990        50-54     0.00287  0.01423  2.60   96772    1377  480551  3087989  31.91
  1990        55-59     0.00463  0.02290  2.64   95395    2185  471815  2607437  27.33
  1990        60-64     0.00794  0.03898  2.72   93211    3634  457771  2135623  22.91
  1990        65-69     0.01471  0.07107  2.65   89577    6366  432901  1677852  18.73
  1990        70-74     0.02381  0.11278  2.66   83211    9385  394137  1244951  14.96
  1990        75-79     0.04075  0.18584  2.64   73826   13720  336698   850815  11.52
  1990        80-84     0.07348  0.31109  2.54   60107   18698  254459   514117   8.55
  1990        85-89     0.12201  0.46317  2.40   41408   19179  157190   259657   6.27
  1990        90-94     0.18591  0.61832  2.29   22229   13745   73933   102467   4.61
  1990        95-99     0.27561  0.76486  2.09    8484    6489   23546    28534   3.36
  1990       100-104    0.38714  0.87267  1.85    1995    1741    4497     4988   2.50
  1990       105-109    0.51194  0.93637  1.61     254     238     465      491   1.93
  1990       110+       0.61508  1.00000  1.63      16      16      26       26   1.63
  1991           0      0.00642  0.00638  0.14  100000     638   99449  8076750  80.77
  1991         1-4      0.00029  0.00117  1.53   99362     116  397161  7977302  80.29
  1991         5-9      0.00014  0.00068  2.67   99246      67  496072  7580141  76.38
  1991        10-14     0.00019  0.00094  2.31   99179      93  495644  7084068  71.43
  1991        15-19     0.00024  0.00119  2.76   99086     118  495164  6588425  66.49
  1991        20-24     0.00033  0.00166  2.34   98967     164  494400  6093260  61.57
  1991        25-29     0.00035  0.00176  2.59   98803     174  493595  5598860  56.67
  1991        30-34     0.00044  0.00222  2.77   98629     219  492657  5105265  51.76
  1991        35-39     0.00064  0.00320  2.56   98410     315  491282  4612609  46.87
  1991        40-44     0.00113  0.00562  2.65   98096     552  489180  4121327  42.01
  1991        45-49     0.00167  0.00833  2.56   97544     812  485734  3632147  37.24
  1991        50-54     0.00285  0.01414  2.83   96731    1368  480691  3146413  32.53
  1991        55-59     0.00451  0.02232  2.63   95364    2129  471781  2665723  27.95
  1991        60-64     0.00734  0.03610  2.73   93235    3366  458527  2193942  23.53
  1991        65-69     0.01328  0.06444  2.70   89869    5791  436011  1735415  19.31
  1991        70-74     0.02319  0.10992  2.63   84079    9242  398489  1299404  15.45
  1991        75-79     0.03843  0.17588  2.59   74836   13162  342474   900915  12.04
  1991        80-84     0.06879  0.29446  2.56   61674   18160  263987   558441   9.05
  1991        85-89     0.10954  0.42861  2.46   43514   18651  170259   294453   6.77
  1991        90-94     0.16773  0.57920  2.33   24863   14401   85856   124195   5.00
  1991        95-99     0.24902  0.72787  2.15   10463    7615   30582    38339   3.66
  1991       100-104    0.35212  0.84507  1.92    2847    2406    6833     7757   2.72
  1991       105-109    0.47087  0.91972  1.69     441     406     862      924   2.09
  1991       110+       0.57079  1.00000  1.75      35      35      62       62   1.75
  1992           0      0.00471  0.00469  0.14  100000     469   99597  8073488  80.73
  1992         1-4      0.00025  0.00098  1.67   99531      98  397897  7973891  80.11
  1992         5-9      0.00009  0.00047  2.32   99433      46  497043  7575994  76.19
  1992        10-14     0.00016  0.00079  2.99   99387      79  496777  7078951  71.23
  1992        15-19     0.00027  0.00134  2.83   99308     133  496253  6582174  66.28
  1992        20-24     0.00025  0.00124  2.49   99175     123  495567  6085920  61.37
  1992        25-29     0.00031  0.00155  2.66   99052     154  494901  5590353  56.44
  1992        30-34     0.00043  0.00214  2.49   98898     211  493961  5095452  51.52
  1992        35-39     0.00064  0.00317  2.52   98687     313  492658  4601492  46.63
  1992        40-44     0.00117  0.00584  2.63   98374     575  490506  4108834  41.77
  1992        45-49     0.00158  0.00789  2.66   97799     772  487192  3618328  37.00
  1992        50-54     0.00269  0.01335  2.80   97028    1295  482294  3131135  32.27
  1992        55-59     0.00436  0.02159  2.61   95733    2067  473725  2648842  27.67
  1992        60-64     0.00778  0.03817  2.60   93666    3576  459746  2175116  23.22
  1992        65-69     0.01318  0.06398  2.74   90090    5764  437445  1715371  19.04
  1992        70-74     0.02332  0.11059  2.66   84327    9326  399848  1277925  15.15
  1992        75-79     0.03906  0.17882  2.64   75001   13412  343336   878077  11.71
  1992        80-84     0.07210  0.30592  2.53   61589   18841  261340   534741   8.68
  1992        85-89     0.11839  0.45769  2.52   42748   19565  165253   273401   6.40
  1992        90-94     0.18257  0.61169  2.30   23183   14181   77673   108147   4.67
  1992        95-99     0.27316  0.76200  2.10    9002    6859   25112    30474   3.39
  1992       100-104    0.38651  0.87249  1.86    2142    1869    4836     5363   2.50
  1992       105-109    0.51368  0.93716  1.61     273     256     498      526   1.93
  1992       110+       0.61880  1.00000  1.62      17      17      28       28   1.62
  1993           0      0.00429  0.00428  0.14  100000     428   99632  8109344  81.09
  1993         1-4      0.00028  0.00112  1.57   99572     112  398017  8009712  80.44
  1993         5-9      0.00008  0.00040  2.45   99460      39  497201  7611696  76.53
  1993        10-14     0.00012  0.00058  2.27   99421      57  496948  7114494  71.56
  1993        15-19     0.00033  0.00165  2.35   99364     164  496382  6617546  66.60
  1993        20-24     0.00030  0.00150  2.45   99199     149  495618  6121164  61.71
  1993        25-29     0.00033  0.00167  2.74   99051     165  494879  5625546  56.79
  1993        30-34     0.00047  0.00237  2.49   98885     234  493840  5130667  51.88
  1993        35-39     0.00072  0.00361  2.56   98651     356  492387  4636827  47.00
  1993        40-44     0.00106  0.00531  2.80   98295     522  490330  4144440  42.16
  1993        45-49     0.00193  0.00960  2.76   97773     938  486767  3654110  37.37
  1993        50-54     0.00269  0.01338  2.77   96835    1296  481279  3167343  32.71
  1993        55-59     0.00444  0.02196  2.70   95539    2098  472873  2686064  28.11
  1993        60-64     0.00698  0.03436  2.68   93442    3210  459771  2213191  23.69
  1993        65-69     0.01270  0.06174  2.78   90231    5571  438770  1753420  19.43
  1993        70-74     0.02317  0.10978  2.61   84660    9294  401126  1314650  15.53
  1993        75-79     0.03689  0.16974  2.65   75366   12793  346748   913524  12.12
  1993        80-84     0.06826  0.29308  2.59   62574   18339  268661   566776   9.06
  1993        85-89     0.11025  0.43128  2.48   44235   19078  173036   298116   6.74
  1993        90-94     0.16852  0.58108  2.33   25157   14618   86744   125079   4.97
  1993        95-99     0.25106  0.73102  2.14   10539    7704   30686    38336   3.64
  1993       100-104    0.35579  0.84833  1.92    2835    2405    6759     7649   2.70
  1993       105-109    0.47619  0.92217  1.68     430     396     833      891   2.07
  1993       110+       0.57735  1.00000  1.73      33      33      58       58   1.73
  1994           0      0.00451  0.00449  0.14  100000     449   99614  8201731  82.02
  1994         1-4      0.00028  0.00111  1.74   99551     110  397954  8102117  81.39
  1994         5-9      0.00010  0.00050  2.74   99441      50  497091  7704163  77.48
  1994        10-14     0.00014  0.00070  3.06   99391      70  496819  7207072  72.51
  1994        15-19     0.00027  0.00133  2.70   99321     132  496304  6710253  67.56
  1994        20-24     0.00029  0.00146  2.61   99190     145  495602  6213948  62.65
  1994        25-29     0.00028  0.00142  2.18   99045     141  494829  5718346  57.73
  1994        30-34     0.00044  0.00220  2.66   98904     218  494012  5223518  52.81
  1994        35-39     0.00067  0.00334  2.63   98686     330  492653  4729506  47.92
  1994        40-44     0.00101  0.00504  2.62   98357     496  490606  4236853  43.08
  1994        45-49     0.00157  0.00780  2.69   97861     763  487543  3746247  38.28
  1994        50-54     0.00247  0.01228  2.83   97098    1193  482907  3258704  33.56
  1994        55-59     0.00406  0.02009  2.57   95905    1927  474833  2775797  28.94
  1994        60-64     0.00655  0.03223  2.61   93978    3029  462637  2300964  24.48
  1994        65-69     0.01174  0.05715  2.73   90949    5198  442955  1838327  20.21
  1994        70-74     0.02106  0.10032  2.64   85751    8602  408458  1395372  16.27
  1994        75-79     0.03446  0.15962  2.69   77148   12314  357349   986914  12.79
  1994        80-84     0.06156  0.26783  2.58   64834   17364  282082   629565   9.71
  1994        85-89     0.09977  0.39862  2.48   47470   18922  189663   347483   7.32
  1994        90-94     0.14753  0.53117  2.37   28547   15164  102786   157820   5.53
  1994        95-99     0.21710  0.67597  2.21   13384    9047   41672    55034   4.11
  1994       100-104    0.30687  0.80056  2.01    4337    3472   11313    13362   3.08
  1994       105-109    0.41364  0.88901  1.79     865     769    1859     2049   2.37
  1994       110+       0.50481  1.00000  1.98      96      96     190      190   1.98
  1995           0      0.00435  0.00433  0.14  100000     433   99628  8219079  82.19
  1995         1-4      0.00024  0.00096  1.73   99567      96  398050  8119451  81.55
  1995         5-9      0.00011  0.00056  2.62   99471      56  497222  7721401  77.62
  1995        10-14     0.00014  0.00069  2.40   99415      69  496897  7224179  72.67
  1995        15-19     0.00020  0.00100  2.47   99346     100  496481  6727281  67.72
  1995        20-24     0.00028  0.00141  2.44   99247     140  495877  6230800  62.78
  1995        25-29     0.00037  0.00186  2.61   99107     184  495096  5734923  57.87
  1995        30-34     0.00040  0.00200  2.57   98923     198  494134  5239827  52.97
  1995        35-39     0.00061  0.00302  2.70   98725     298  492939  4745694  48.07
  1995        40-44     0.00096  0.00480  2.56   98427     472  490979  4252755  43.21
  1995        45-49     0.00146  0.00726  2.74   97954     711  488165  3761776  38.40
  1995        50-54     0.00250  0.01241  2.73   97243    1206  483478  3273610  33.66
  1995        55-59     0.00382  0.01896  2.79   96037    1821  476157  2790132  29.05
  1995        60-64     0.00608  0.03001  2.78   94216    2827  464808  2313975  24.56
  1995        65-69     0.01142  0.05564  2.72   91388    5085  445370  1849167  20.23
  1995        70-74     0.02023  0.09666  2.71   86303    8342  412434  1403797  16.27
  1995        75-79     0.03530  0.16317  2.68   77961   12721  360316   991363  12.72
  1995        80-84     0.07343  0.30713  2.34   65240   20038  272882   631046   9.67
  1995        85-89     0.08960  0.36565  2.49   45203   16529  184479   358164   7.92
  1995        90-94     0.13672  0.50177  2.35   28674   14388  105233   173685   6.06
  1995        95-99     0.18461  0.61189  2.25   14286    8742   47351    68452   4.79
  1995       100-104    0.24422  0.71661  2.12    5545    3973   16270    21101   3.81
  1995       105-109    0.31531  0.80614  1.97    1571    1267    4017     4831   3.07
  1995       110+       0.37448  1.00000  2.67     305     305     813      813   2.67
  1996           0      0.00343  0.00342  0.14  100000     342   99707  8242899  82.43
  1996         1-4      0.00020  0.00080  1.41   99658      80  398427  8143193  81.71
  1996         5-9      0.00012  0.00058  2.57   99579      58  497752  7744766  77.78
  1996        10-14     0.00016  0.00082  2.91   99520      82  497432  7247015  72.82
  1996        15-19     0.00025  0.00123  2.48   99439     122  496886  6749583  67.88
  1996        20-24     0.00033  0.00167  2.38   99317     166  496148  6252696  62.96
  1996        25-29     0.00031  0.00154  2.62   99151     153  495392  5756548  58.06
  1996        30-34     0.00040  0.00201  2.77   98998     199  494548  5261157  53.14
  1996        35-39     0.00064  0.00322  2.77   98800     318  493290  4766608  48.25
  1996        40-44     0.00103  0.00513  2.62   98482     505  491207  4273319  43.39
  1996        45-49     0.00144  0.00719  2.65   97977     705  488231  3782112  38.60
  1996        50-54     0.00211  0.01051  2.79   97272    1022  484103  3293881  33.86
  1996        55-59     0.00356  0.01765  2.78   96250    1699  477480  2809778  29.19
  1996        60-64     0.00593  0.02926  2.77   94550    2766  466571  2332298  24.67
  1996        65-69     0.01076  0.05252  2.74   91784    4820  448010  1865727  20.33
  1996        70-74     0.01865  0.08939  2.69   86964    7774  416849  1417717  16.30
  1996        75-79     0.03351  0.15535  2.66   79190   12303  367175  1000868  12.64
  1996        80-84     0.06585  0.28283  2.51   66888   18918  287281   633693   9.47
  1996        85-89     0.10009  0.39833  2.44   47970   19108  190914   346412   7.22
  1996        90-94     0.15310  0.54468  2.35   28862   15721  102681   155498   5.39
  1996        95-99     0.22360  0.68689  2.19   13142    9027   40370    52817   4.02
  1996       100-104    0.31357  0.80751  2.00    4115    3323   10597    12448   3.03
  1996       105-109    0.41972  0.89251  1.78     792     707    1684     1851   2.34
  1996       110+       0.51003  1.00000  1.96      85      85     167      167   1.96
  1997           0      0.00346  0.00345  0.14  100000     345   99704  8295929  82.96
  1997         1-4      0.00023  0.00092  1.30   99655      92  398371  8196225  82.25
  1997         5-9      0.00012  0.00059  2.70   99563      58  497680  7797854  78.32
  1997        10-14     0.00009  0.00046  2.49   99504      46  497408  7300174  73.37
  1997        15-19     0.00020  0.00099  2.76   99459      98  497073  6802767  68.40
  1997        20-24     0.00025  0.00123  2.09   99361     122  496447  6305693  63.46
  1997        25-29     0.00034  0.00169  2.60   99238     168  495788  5809247  58.54
  1997        30-34     0.00032  0.00160  2.59   99070     159  494968  5313458  53.63
  1997        35-39     0.00054  0.00271  2.63   98911     268  493922  4818490  48.72
  1997        40-44     0.00089  0.00442  2.61   98643     436  492175  4324568  43.84
  1997        45-49     0.00136  0.00677  2.63   98207     665  489457  3832393  39.02
  1997        50-54     0.00235  0.01168  2.61   97542    1139  484989  3342936  34.27
  1997        55-59     0.00365  0.01808  2.63   96403    1743  477881  2857947  29.65
  1997        60-64     0.00579  0.02853  2.61   94660    2701  466854  2380066  25.14
  1997        65-69     0.00977  0.04780  2.79   91959    4395  450074  1913212  20.81
  1997        70-74     0.01798  0.08639  2.74   87563    7565  420718  1463138  16.71
  1997        75-79     0.03051  0.14247  2.68   79999   11397  373542  1042420  13.03
  1997        80-84     0.05779  0.25379  2.60   68601   17410  301246   668878   9.75
  1997        85-89     0.09808  0.39400  2.51   51191   20170  205642   367632   7.18
  1997        90-94     0.15718  0.55483  2.35   31022   17212  109506   161990   5.22
  1997        95-99     0.23698  0.71053  2.18   13810    9812   41405    52484   3.80
  1997       100-104    0.34470  0.83958  1.95    3997    3356    9737    11079   2.77
  1997       105-109    0.47078  0.92038  1.69     641     590    1254     1342   2.09
  1997       110+       0.57752  1.00000  1.73      51      51      88       88   1.73
  1998           0      0.00277  0.00276  0.14  100000     276   99763  8311841  83.12
  1998         1-4      0.00029  0.00114  1.55   99724     114  398615  8212077  82.35
  1998         5-9      0.00006  0.00029  2.30   99610      29  497969  7813462  78.44
  1998        10-14     0.00009  0.00046  2.66   99581      46  497795  7315493  73.46
  1998        15-19     0.00018  0.00088  2.27   99534      88  497433  6817698  68.50
  1998        20-24     0.00028  0.00140  2.75   99447     140  496919  6320266  63.55
  1998        25-29     0.00024  0.00120  2.41   99307     119  496226  5823346  58.64
  1998        30-34     0.00032  0.00161  2.76   99188     160  495581  5327121  53.71
  1998        35-39     0.00053  0.00265  2.82   99028     263  494565  4831540  48.79
  1998        40-44     0.00102  0.00506  2.58   98765     500  492616  4336975  43.91
  1998        45-49     0.00143  0.00714  2.74   98265     702  489738  3844359  39.12
  1998        50-54     0.00229  0.01141  2.79   97563    1113  485353  3354620  34.38
  1998        55-59     0.00346  0.01717  2.81   96451    1656  478628  2869267  29.75
  1998        60-64     0.00552  0.02728  2.80   94794    2586  468268  2390639  25.22
  1998        65-69     0.00943  0.04617  2.72   92208    4257  451323  1922371  20.85
  1998        70-74     0.01878  0.09009  2.75   87950    7923  421938  1471048  16.73
  1998        75-79     0.03102  0.14457  2.65   80027   11569  372909  1049110  13.11
  1998        80-84     0.05816  0.25572  2.64   68458   17506  301010   676201   9.88
  1998        85-89     0.09457  0.38167  2.47   50952   19447  205621   375191   7.36
  1998        90-94     0.15139  0.53994  2.35   31505   17011  112363   169570   5.38
  1998        95-99     0.22669  0.69346  2.20   14494   10051   44339    57206   3.95
  1998       100-104    0.32824  0.82383  1.98    4443    3660   11151    12867   2.90
  1998       105-109    0.44842  0.90943  1.73     783     712    1587     1716   2.19
  1998       110+       0.55086  1.00000  1.82      71      71     129      129   1.82
  1999           0      0.00274  0.00274  0.14  100000     274   99766  8334106  83.34
  1999         1-4      0.00022  0.00090  1.17   99726      89  398653  8234341  82.57
  1999         5-9      0.00010  0.00049  1.69   99637      49  498022  7835688  78.64
  1999        10-14     0.00009  0.00043  2.07   99588      43  497814  7337666  73.68
  1999        15-19     0.00016  0.00080  2.67   99545      79  497540  6839852  68.71
  1999        20-24     0.00028  0.00139  2.45   99466     138  496977  6342312  63.76
  1999        25-29     0.00027  0.00133  2.40   99328     132  496295  5845335  58.85
  1999        30-34     0.00039  0.00194  2.65   99196     193  495527  5349040  53.92
  1999        35-39     0.00053  0.00263  2.74   99003     260  494428  4853512  49.02
  1999        40-44     0.00081  0.00402  2.60   98743     397  492761  4359084  44.15
  1999        45-49     0.00156  0.00778  2.61   98346     765  489899  3866324  39.31
  1999        50-54     0.00194  0.00965  2.55   97581     942  485599  3376425  34.60
  1999        55-59     0.00347  0.01721  2.61   96639    1663  479224  2890826  29.91
  1999        60-64     0.00521  0.02572  2.68   94975    2443  469207  2411601  25.39
  1999        65-69     0.00960  0.04696  2.64   92533    4345  452404  1942394  20.99
  1999        70-74     0.01780  0.08546  2.68   88188    7537  423467  1489990  16.90
  1999        75-79     0.03170  0.14760  2.67   80651   11904  375501  1066523  13.22
  1999        80-84     0.05703  0.25082  2.60   68747   17243  302350   691022  10.05
  1999        85-89     0.09140  0.37254  2.52   51504   19187  209915   388673   7.55
  1999        90-94     0.14402  0.52442  2.41   32317   16947  117676   178757   5.53
  1999        95-99     0.22455  0.69004  2.21   15369   10605   47229    61081   3.97
  1999       100-104    0.32663  0.82241  1.98    4764    3918   11995    13852   2.91
  1999       105-109    0.44781  0.90924  1.73     846     769    1718     1857   2.20
  1999       110+       0.55124  1.00000  1.81      77      77     139      139   1.81
  2000           0      0.00311  0.00310  0.14  100000     310   99734  8361811  83.62
  2000         1-4      0.00019  0.00075  1.38   99690      75  398563  8262077  82.88
  2000         5-9      0.00008  0.00039  2.49   99615      39  497979  7863514  78.94
  2000        10-14     0.00010  0.00048  3.32   99577      48  497803  7365535  73.97
  2000        15-19     0.00016  0.00081  2.80   99529      81  497467  6867732  69.00
  2000        20-24     0.00019  0.00094  2.18   99448      93  496979  6370265  64.06
  2000        25-29     0.00029  0.00146  2.46   99355     145  496407  5873285  59.11
  2000        30-34     0.00034  0.00170  2.74   99210     168  495670  5376878  54.20
  2000        35-39     0.00051  0.00257  2.79   99042     254  494648  4881208  49.28
  2000        40-44     0.00089  0.00446  2.78   98788     440  492959  4386560  44.40
  2000        45-49     0.00138  0.00686  2.63   98347     675  490136  3893602  39.59
  2000        50-54     0.00206  0.01026  2.58   97672    1002  485939  3403465  34.85
  2000        55-59     0.00344  0.01706  2.70   96670    1649  479564  2917526  30.18
  2000        60-64     0.00505  0.02497  2.67   95021    2373  469574  2437962  25.66
  2000        65-69     0.00943  0.04615  2.66   92648    4275  453231  1968387  21.25
  2000        70-74     0.01683  0.08104  2.71   88373    7162  425437  1515156  17.15
  2000        75-79     0.03007  0.14054  2.67   81211   11413  379497  1089719  13.42
  2000        80-84     0.05368  0.23783  2.60   69798   16600  309222   710222  10.18
  2000        85-89     0.09236  0.37631  2.54   53198   20019  216753   401000   7.54
  2000        90-94     0.14468  0.52413  2.37   33179   17390  120196   184247   5.55
  2000        95-99     0.21884  0.68033  2.22   15789   10742   49085    64051   4.06
  2000       100-104    0.31938  0.81518  2.00    5047    4114   12882    14966   2.97
  2000       105-109    0.43955  0.90496  1.75     933     844    1921     2084   2.23
  2000       110+       0.54248  1.00000  1.84      89      89     163      163   1.84
  2001           0      0.00245  0.00244  0.14  100000     244   99791  8436638  84.37
  2001         1-4      0.00019  0.00074  1.84   99756      74  398863  8336847  83.57
  2001         5-9      0.00007  0.00035  1.99   99682      34  498305  7937984  79.63
  2001        10-14     0.00012  0.00058  2.58   99647      57  498098  7439679  74.66
  2001        15-19     0.00015  0.00075  2.92   99590      75  497794  6941582  69.70
  2001        20-24     0.00022  0.00111  2.46   99515     110  497297  6443787  64.75
  2001        25-29     0.00030  0.00152  2.47   99405     151  496645  5946490  59.82
  2001        30-34     0.00033  0.00165  2.40   99254     164  495845  5449845  54.91
  2001        35-39     0.00055  0.00277  2.67   99091     275  494812  4954000  49.99
  2001        40-44     0.00093  0.00465  2.72   98816     459  493035  4459188  45.13
  2001        45-49     0.00129  0.00643  2.74   98357     632  490355  3966153  40.32
  2001        50-54     0.00188  0.00937  2.68   97725     916  486496  3475798  35.57
  2001        55-59     0.00282  0.01404  2.78   96809    1359  481025  2989303  30.88
  2001        60-64     0.00477  0.02360  2.64   95450    2253  471943  2508278  26.28
  2001        65-69     0.00924  0.04524  2.74   93198    4217  456469  2036335  21.85
  2001        70-74     0.01565  0.07565  2.78   88981    6731  429990  1579866  17.76
  2001        75-79     0.02698  0.12699  2.69   82250   10445  387143  1149876  13.98
  2001        80-84     0.04881  0.21857  2.61   71805   15694  321532   762733  10.62
  2001        85-89     0.08559  0.35272  2.51   56111   19791  231238   441201   7.86
  2001        90-94     0.13438  0.49997  2.44   36319   18159  135128   209963   5.78
  2001        95-99     0.21363  0.67189  2.24   18161   12202   57115    74835   4.12
  2001       100-104    0.31777  0.81424  2.01    5959    4852   15268    17720   2.97
  2001       105-109    0.44336  0.90750  1.75    1107    1005    2266     2451   2.21
  2001       110+       0.55136  1.00000  1.81     102     102     186      186   1.81
  2002           0      0.00255  0.00254  0.14  100000     254   99783  8440671  84.41
  2002         1-4      0.00020  0.00080  1.72   99746      80  398802  8340889  83.62
  2002         5-9      0.00009  0.00046  1.97   99666      46  498192  7942087  79.69
  2002        10-14     0.00011  0.00053  2.61   99620      53  497975  7443895  74.72
  2002        15-19     0.00016  0.00078  3.11   99567      78  497689  6945920  69.76
  2002        20-24     0.00029  0.00147  2.67   99489     146  497105  6448232  64.81
  2002        25-29     0.00028  0.00140  2.47   99343     139  496362  5951126  59.90
  2002        30-34     0.00031  0.00157  2.61   99204     156  495645  5454764  54.99
  2002        35-39     0.00047  0.00235  2.73   99048     232  494712  4959118  50.07
  2002        40-44     0.00085  0.00425  2.69   98816     420  493105  4464406  45.18
  2002        45-49     0.00141  0.00703  2.74   98395     691  490411  3971301  40.36
  2002        50-54     0.00182  0.00908  2.67   97704     887  486451  3480889  35.63
  2002        55-59     0.00303  0.01505  2.81   96817    1457  480888  2994439  30.93
  2002        60-64     0.00501  0.02474  2.66   95360    2360  471283  2513550  26.36
  2002        65-69     0.00862  0.04228  2.72   93000    3932  456040  2042268  21.96
  2002        70-74     0.01575  0.07601  2.71   89068    6770  429848  1586228  17.81
  2002        75-79     0.02627  0.12393  2.72   82298   10200  388217  1156380  14.05
  2002        80-84     0.04902  0.21900  2.57   72099   15790  322086   768163  10.65
  2002        85-89     0.08222  0.34342  2.60   56309   19337  235187   446077   7.92
  2002        90-94     0.14060  0.51259  2.36   36972   18951  134792   210890   5.70
  2002        95-99     0.20753  0.66055  2.25   18020   11903   57358    76097   4.22
  2002       100-104    0.30732  0.80285  2.03    6117    4911   15980    18739   3.06
  2002       105-109    0.42844  0.89917  1.77    1206    1084    2531     2759   2.29
  2002       110+       0.53296  1.00000  1.88     122     122     228      228   1.88
  2003           0      0.00273  0.00273  0.14  100000     273   99766  8409459  84.09
  2003         1-4      0.00021  0.00085  1.78   99727      85  398721  8309692  83.32
  2003         5-9      0.00006  0.00030  2.93   99642      30  498150  7910971  79.39
  2003        10-14     0.00010  0.00050  2.83   99613      50  497955  7412821  74.42
  2003        15-19     0.00015  0.00073  2.54   99563      73  497635  6914866  69.45
  2003        20-24     0.00024  0.00122  2.59   99490     121  497157  6417231  64.50
  2003        25-29     0.00033  0.00167  2.40   99369     166  496413  5920073  59.58
  2003        30-34     0.00041  0.00207  2.78   99203     205  495558  5423661  54.67
  2003        35-39     0.00049  0.00245  2.87   98998     243  494472  4928103  49.78
  2003        40-44     0.00082  0.00410  2.88   98755     405  492916  4433631  44.90
  2003        45-49     0.00144  0.00716  2.61   98350     704  490070  3940715  40.07
  2003        50-54     0.00197  0.00982  2.75   97646     959  486073  3450645  35.34
  2003        55-59     0.00307  0.01526  2.76   96687    1476  480131  2964572  30.66
  2003        60-64     0.00459  0.02271  2.65   95212    2162  470980  2484441  26.09
  2003        65-69     0.00831  0.04074  2.63   93050    3790  456285  2013461  21.64
  2003        70-74     0.01471  0.07118  2.72   89259    6354  431826  1557177  17.45
  2003        75-79     0.02771  0.13000  2.62   82906   10778  388926  1125350  13.57
  2003        80-84     0.05181  0.23126  2.68   72128   16680  321938   736425  10.21
  2003        85-89     0.09040  0.36946  2.53   55448   20486  226617   414487   7.48
  2003        90-94     0.14875  0.53797  2.43   34962   18808  126441   187870   5.37
  2003        95-99     0.23550  0.70930  2.20   16154   11458   48653    61429   3.80
  2003       100-104    0.35125  0.84639  1.94    4696    3975   11315    12776   2.72
  2003       105-109    0.48725  0.92812  1.67     721     669    1374     1460   2.02
  2003       110+       0.60213  1.00000  1.66      52      52      86       86   1.66
  2004           0      0.00371  0.00370  0.14  100000     370   99682  8445668  84.46
  2004         1-4      0.00015  0.00062  1.20   99630      61  398349  8345986  83.77
  2004         5-9      0.00010  0.00052  1.86   99569      52  497681  7947637  79.82
  2004        10-14     0.00008  0.00039  1.72   99517      39  497456  7449956  74.86
  2004        15-19     0.00011  0.00054  2.55   99478      54  497257  6952499  69.89
  2004        20-24     0.00027  0.00136  2.54   99424     136  496786  6455243  64.93
  2004        25-29     0.00033  0.00167  2.78   99288     166  496072  5958457  60.01
  2004        30-34     0.00041  0.00203  2.50   99122     202  495107  5462385  55.11
  2004        35-39     0.00050  0.00250  2.82   98921     248  494063  4967278  50.21
  2004        40-44     0.00075  0.00376  2.71   98673     371  492514  4473215  45.33
  2004        45-49     0.00123  0.00612  2.76   98302     601  490164  3980701  40.49
  2004        50-54     0.00190  0.00947  2.64   97701     925  486317  3490537  35.73
  2004        55-59     0.00296  0.01470  2.70   96776    1423  480610  3004219  31.04
  2004        60-64     0.00417  0.02064  2.67   95353    1968  472185  2523609  26.47
  2004        65-69     0.00791  0.03883  2.72   93385    3626  458656  2051424  21.97
  2004        70-74     0.01470  0.07111  2.72   89759    6383  434224  1592768  17.74
  2004        75-79     0.02534  0.11971  2.70   83376    9981  393875  1158543  13.90
  2004        80-84     0.04838  0.21750  2.68   73395   15964  329936   764668  10.42
  2004        85-89     0.08728  0.36002  2.57   57431   20676  236894   434732   7.57
  2004        90-94     0.14660  0.53067  2.40   36755   19505  133049   197839   5.38
  2004        95-99     0.23830  0.71451  2.20   17250   12325   51723    64789   3.76
  2004       100-104    0.36088  0.85518  1.92    4925    4212   11670    13067   2.65
  2004       105-109    0.50447  0.93523  1.64     713     667    1322     1396   1.96
  2004       110+       0.62495  1.00000  1.60      46      46      74       74   1.60
  2005           0      0.00275  0.00274  0.14  100000     274   99765  8437964  84.38
  2005         1-4      0.00017  0.00070  1.92   99726      69  398760  8338199  83.61
  2005         5-9      0.00007  0.00033  2.96   99657      32  498216  7939439  79.67
  2005        10-14     0.00006  0.00032  3.27   99624      31  498066  7441223  74.69
  2005        15-19     0.00016  0.00080  2.82   99593      79  497790  6943157  69.72
  2005        20-24     0.00021  0.00106  2.62   99513     106  497316  6445367  64.77
  2005        25-29     0.00033  0.00165  2.43   99408     164  496617  5948051  59.83
  2005        30-34     0.00035  0.00177  2.54   99244     175  495789  5451434  54.93
  2005        35-39     0.00052  0.00259  2.62   99069     256  494735  4955645  50.02
  2005        40-44     0.00082  0.00411  2.68   98813     406  493122  4460910  45.15
  2005        45-49     0.00118  0.00588  2.62   98406     579  490653  3967788  40.32
  2005        50-54     0.00199  0.00988  2.61   97827     967  486827  3477136  35.54
  2005        55-59     0.00267  0.01328  2.63   96860    1286  481254  2990308  30.87
  2005        60-64     0.00472  0.02334  2.81   95574    2231  472983  2509054  26.25
  2005        65-69     0.00741  0.03641  2.67   93344    3399  458816  2036072  21.81
  2005        70-74     0.01481  0.07166  2.74   89945    6446  435173  1577256  17.54
  2005        75-79     0.02606  0.12283  2.67   83499   10256  393614  1142083  13.68
  2005        80-84     0.05029  0.22520  2.68   73243   16495  327978   748470  10.22
  2005        85-89     0.08929  0.36622  2.55   56749   20782  232745   420491   7.41
  2005        90-94     0.15527  0.55312  2.40   35966   19894  128121   187746   5.22
  2005        95-99     0.24224  0.72041  2.19   16072   11579   47798    59625   3.71
  2005       100-104    0.36430  0.85773  1.92    4494    3854   10580    11827   2.63
  2005       105-109    0.50651  0.93584  1.63     639     598    1181     1247   1.95
  2005       110+       0.62556  1.00000  1.60      41      41      66       66   1.60
  2006           0      0.00275  0.00275  0.14  100000     275   99765  8518566  85.19
  2006         1-4      0.00017  0.00070  1.56   99725      69  398732  8418801  84.42
  2006         5-9      0.00008  0.00039  2.54   99656      39  498185  8020069  80.48
  2006        10-14     0.00011  0.00053  1.88   99617      53  497921  7521885  75.51
  2006        15-19     0.00012  0.00061  2.64   99564      61  497679  7023964  70.55
  2006        20-24     0.00015  0.00073  2.52   99504      73  497338  6526285  65.59
  2006        25-29     0.00024  0.00119  2.63   99431     118  496874  6028947  60.63
  2006        30-34     0.00038  0.00189  2.31   99313     188  496059  5532073  55.70
  2006        35-39     0.00053  0.00263  2.56   99125     260  494989  5036014  50.80
  2006        40-44     0.00077  0.00385  2.61   98865     381  493414  4541025  45.93
  2006        45-49     0.00117  0.00585  2.76   98484     577  491131  4047611  41.10
  2006        50-54     0.00203  0.01011  2.71   97907     990  487269  3556480  36.32
  2006        55-59     0.00276  0.01371  2.69   96917    1328  481511  3069210  31.67
  2006        60-64     0.00440  0.02176  2.74   95589    2080  473242  2587699  27.07
  2006        65-69     0.00688  0.03387  2.74   93509    3167  460381  2114457  22.61
  2006        70-74     0.01306  0.06340  2.71   90342    5728  438607  1654075  18.31
  2006        75-79     0.02407  0.11398  2.68   84614    9645  400721  1215469  14.36
  2006        80-84     0.04370  0.19834  2.68   74970   14869  340280   814747  10.87
  2006        85-89     0.08012  0.33505  2.56   60100   20137  251340   474467   7.89
  2006        90-94     0.13922  0.51283  2.43   39963   20495  147205   223127   5.58
  2006        95-99     0.22685  0.69638  2.23   19469   13558   59765    75922   3.90
  2006       100-104    0.34869  0.84530  1.95    5911    4997   14330    16157   2.73
  2006       105-109    0.49369  0.93140  1.66     914     852    1725     1827   2.00
  2006       110+       0.61642  1.00000  1.62      63      63     102      102   1.62
  2007           0      0.00285  0.00284  0.14  100000     284   99757  8534803  85.35
  2007         1-4      0.00018  0.00074  1.42   99716      74  398674  8435046  84.59
  2007         5-9      0.00009  0.00047  2.07   99642      47  498074  8036373  80.65
  2007        10-14     0.00007  0.00035  2.16   99595      35  497876  7538299  75.69
  2007        15-19     0.00010  0.00049  3.14   99560      49  497710  7040422  70.72
  2007        20-24     0.00023  0.00113  2.76   99511     113  497305  6542712  65.75
  2007        25-29     0.00023  0.00113  2.82   99399     112  496751  6045408  60.82
  2007        30-34     0.00033  0.00167  2.82   99287     165  496073  5548657  55.89
  2007        35-39     0.00045  0.00226  2.56   99121     224  495060  5052584  50.97
  2007        40-44     0.00066  0.00332  2.57   98897     328  493688  4557524  46.08
  2007        45-49     0.00113  0.00563  2.77   98569     555  491605  4063837  41.23
  2007        50-54     0.00190  0.00946  2.58   98014     928  487819  3572232  36.45
  2007        55-59     0.00258  0.01284  2.63   97086    1246  482480  3084413  31.77
  2007        60-64     0.00445  0.02202  2.70   95840    2110  474335  2601933  27.15
  2007        65-69     0.00627  0.03089  2.74   93729    2895  462114  2127598  22.70
  2007        70-74     0.01312  0.06368  2.70   90834    5784  440857  1665484  18.34
  2007        75-79     0.02388  0.11316  2.69   85050    9624  402994  1224626  14.40
  2007        80-84     0.04451  0.20220  2.74   75425   15251  342602   821633  10.89
  2007        85-89     0.07951  0.33351  2.59   60175   20069  252415   479031   7.96
  2007        90-94     0.13554  0.50194  2.42   40106   20131  148523   226616   5.65
  2007        95-99     0.22617  0.69521  2.23   19975   13887   61402    78092   3.91
  2007       100-104    0.34753  0.84426  1.96    6088    5140   14790    16690   2.74
  2007       105-109    0.49210  0.93076  1.66     948     883    1793     1900   2.00
  2007       110+       0.61456  1.00000  1.63      66      66     107      107   1.63
  2008           0      0.00303  0.00302  0.14  100000     302   99741  8496809  84.97
  2008         1-4      0.00028  0.00111  1.48   99698     111  398512  8397068  84.23
  2008         5-9      0.00011  0.00056  2.51   99587      56  497796  7998556  80.32
  2008        10-14     0.00009  0.00044  2.53   99531      44  497548  7500760  75.36
  2008        15-19     0.00014  0.00072  2.66   99487      71  497271  7003212  70.39
  2008        20-24     0.00023  0.00117  2.54   99416     116  496794  6505941  65.44
  2008        25-29     0.00027  0.00134  2.36   99300     133  496149  6009147  60.52
  2008        30-34     0.00030  0.00151  2.47   99167     150  495456  5512998  55.59
  2008        35-39     0.00049  0.00244  2.52   99017     241  494487  5017542  50.67
  2008        40-44     0.00075  0.00372  2.74   98776     368  493047  4523055  45.79
  2008        45-49     0.00115  0.00572  2.63   98408     562  490709  4030008  40.95
  2008        50-54     0.00203  0.01011  2.64   97846     989  486896  3539299  36.17
  2008        55-59     0.00271  0.01348  2.65   96856    1305  481213  3052403  31.51
  2008        60-64     0.00421  0.02086  2.75   95551    1994  473273  2571190  26.91
  2008        65-69     0.00655  0.03224  2.70   93558    3016  460849  2097917  22.42
  2008        70-74     0.01233  0.05993  2.70   90541    5426  440238  1637068  18.08
  2008        75-79     0.02454  0.11607  2.68   85115    9879  402615  1196830  14.06
  2008        80-84     0.04351  0.19814  2.75   75236   14907  342649   794215  10.56
  2008        85-89     0.08613  0.35682  2.60   60328   21526  249920   451566   7.49
  2008        90-94     0.15179  0.54387  2.39   38802   21103  139026   201646   5.20
  2008        95-99     0.25501  0.74137  2.18   17699   13121   51454    62620   3.54
  2008       100-104    0.39572  0.88245  1.86    4577    4039   10208    11166   2.44
  2008       105-109    0.55642  0.95248  1.55     538     513     921      958   1.78
  2008       110+       0.68672  1.00000  1.46      26      26      37       37   1.46
  2009           0      0.00290  0.00289  0.14  100000     289   99752  8552464  85.52
  2009         1-4      0.00021  0.00083  1.33   99711      83  398622  8452712  84.77
  2009         5-9      0.00008  0.00038  1.58   99628      38  498010  8054090  80.84
  2009        10-14     0.00009  0.00043  2.92   99590      42  497861  7556080  75.87
  2009        15-19     0.00017  0.00087  2.87   99548      87  497552  7058219  70.90
  2009        20-24     0.00020  0.00099  2.89   99461      98  497095  6560667  65.96
  2009        25-29     0.00024  0.00121  2.73   99362     120  496540  6063571  61.02
  2009        30-34     0.00033  0.00164  2.43   99243     163  495794  5567032  56.10
  2009        35-39     0.00051  0.00253  2.46   99080     251  494760  5071238  51.18
  2009        40-44     0.00071  0.00357  2.76   98829     353  493353  4576478  46.31
  2009        45-49     0.00120  0.00599  2.62   98476     590  490973  4083125  41.46
  2009        50-54     0.00202  0.01004  2.67   97886     982  487139  3592153  36.70
  2009        55-59     0.00273  0.01358  2.64   96903    1316  481418  3105014  32.04
  2009        60-64     0.00381  0.01890  2.60   95587    1806  473607  2623596  27.45
  2009        65-69     0.00693  0.03413  2.71   93781    3201  461560  2149989  22.93
  2009        70-74     0.01219  0.05925  2.66   90580    5367  440355  1688428  18.64
  2009        75-79     0.02274  0.10812  2.73   85214    9213  405149  1248074  14.65
  2009        80-84     0.03901  0.17901  2.71   76000   13605  348791   842925  11.09
  2009        85-89     0.07767  0.32715  2.59   62395   20412  262826   494134   7.92
  2009        90-94     0.13953  0.51351  2.43   41983   21558  154509   231308   5.51
  2009        95-99     0.23606  0.71280  2.22   20424   14559   61673    76799   3.76
  2009       100-104    0.37173  0.86542  1.91    5866    5076   13656    15127   2.58
  2009       105-109    0.53103  0.94519  1.59     789     746    1405     1470   1.86
  2009       110+       0.66299  1.00000  1.51      43      43      65       65   1.51
  2010           0      0.00260  0.00260  0.14  100000     260   99778  8578668  85.79
  2010         1-4      0.00022  0.00089  1.76   99740      88  398763  8478890  85.01
  2010         5-9      0.00003  0.00017  1.97   99652      17  498208  8080127  81.08
  2010        10-14     0.00009  0.00044  3.11   99635      44  498091  7581919  76.10
  2010        15-19     0.00012  0.00058  2.64   99591      57  497818  7083827  71.13
  2010        20-24     0.00022  0.00111  2.80   99533     111  497423  6586009  66.17
  2010        25-29     0.00020  0.00100  2.56   99423      99  496871  6088586  61.24
  2010        30-34     0.00031  0.00154  2.73   99323     153  496270  5591714  56.30
  2010        35-39     0.00045  0.00222  2.81   99171     221  495371  5095444  51.38
  2010        40-44     0.00083  0.00416  2.74   98950     412  493818  4600074  46.49
  2010        45-49     0.00113  0.00565  2.58   98538     557  491343  4106255  41.67
  2010        50-54     0.00188  0.00936  2.70   97982     917  487798  3614912  36.89
  2010        55-59     0.00266  0.01323  2.68   97065    1284  482343  3127114  32.22
  2010        60-64     0.00389  0.01927  2.65   95780    1845  474571  2644770  27.61
  2010        65-69     0.00704  0.03459  2.51   93935    3249  461591  2170200  23.10
  2010        70-74     0.01094  0.05339  2.74   90686    4842  442511  1708609  18.84
  2010        75-79     0.02114  0.10085  2.72   85844    8657  409512  1266098  14.75
  2010        80-84     0.03861  0.17739  2.71   77187   13692  354605   856586  11.10
  2010        85-89     0.07676  0.32513  2.65   63495   20644  268935   501982   7.91
  2010        90-94     0.14190  0.52028  2.44   42850   22294  157113   233046   5.44
  2010        95-99     0.24104  0.72105  2.21   20556   14822   61490    75934   3.69
  2010       100-104    0.38153  0.87307  1.89    5734    5006   13122    14443   2.52
  2010       105-109    0.54516  0.94961  1.57     728     691    1268     1322   1.82
  2010       110+       0.67926  1.00000  1.47      37      37      54       54   1.47
  2011           0      0.00179  0.00179  0.15  100000     179   99847  8628443  86.28
  2011         1-4      0.00025  0.00101  1.91   99821     100  399073  8528596  85.44
  2011         5-9      0.00008  0.00039  3.13   99720      38  498530  8129523  81.52
  2011        10-14     0.00007  0.00036  2.93   99682      36  498335  7630993  76.55
  2011        15-19     0.00012  0.00060  3.06   99646      60  498113  7132658  71.58
  2011        20-24     0.00020  0.00099  2.69   99586      99  497703  6634545  66.62
  2011        25-29     0.00021  0.00104  2.70   99487     104  497199  6136842  61.68
  2011        30-34     0.00025  0.00126  2.60   99384     126  496618  5639644  56.75
  2011        35-39     0.00051  0.00257  2.77   99258     255  495722  5143026  51.81
  2011        40-44     0.00069  0.00343  2.62   99003     339  494207  4647304  46.94
  2011        45-49     0.00113  0.00564  2.69   98664     557  492033  4153097  42.09
  2011        50-54     0.00189  0.00940  2.63   98107     922  488352  3661064  37.32
  2011        55-59     0.00263  0.01307  2.60   97186    1270  482879  3172712  32.65
  2011        60-64     0.00414  0.02051  2.66   95916    1967  474972  2689833  28.04
  2011        65-69     0.00594  0.02932  2.78   93949    2754  463631  2214861  23.58
  2011        70-74     0.01063  0.05189  2.72   91194    4732  445166  1751230  19.20
  2011        75-79     0.02055  0.09820  2.74   86462    8490  413157  1306064  15.11
  2011        80-84     0.03613  0.16649  2.65   77972   12981  359293   892907  11.45
  2011        85-89     0.07209  0.30690  2.58   64990   19945  276672   533613   8.21
  2011        90-94     0.13239  0.49415  2.44   45045   22259  168138   256941   5.70
  2011        95-99     0.22530  0.69535  2.25   22786   15844   70325    88803   3.90
  2011       100-104    0.35850  0.85509  1.94    6942    5936   16558    18478   2.66
  2011       105-109    0.51744  0.94089  1.62    1006     946    1829     1920   1.91
  2011       110+       0.65061  1.00000  1.54      59      59      91       91   1.54
  2012           0      0.00289  0.00288  0.14  100000     288   99753  8625391  86.25
  2012         1-4      0.00017  0.00067  1.74   99712      67  398697  8525638  85.50
  2012         5-9      0.00013  0.00064  2.75   99645      63  498084  8126941  81.56
  2012        10-14     0.00008  0.00038  2.23   99582      38  497804  7628857  76.61
  2012        15-19     0.00007  0.00036  2.90   99544      36  497644  7131053  71.64
  2012        20-24     0.00016  0.00078  2.59   99508      78  497351  6633410  66.66
  2012        25-29     0.00017  0.00083  2.74   99430      83  496962  6136058  61.71
  2012        30-34     0.00028  0.00140  2.58   99347     139  496399  5639096  56.76
  2012        35-39     0.00047  0.00234  2.81   99208     233  495530  5142697  51.84
  2012        40-44     0.00081  0.00403  2.68   98975     399  493951  4647167  46.95
  2012        45-49     0.00116  0.00579  2.66   98576     571  491547  4153216  42.13
  2012        50-54     0.00174  0.00867  2.74   98005     850  488107  3661669  37.36
  2012        55-59     0.00280  0.01393  2.62   97155    1354  482555  3173562  32.66
  2012        60-64     0.00375  0.01861  2.69   95802    1782  474897  2691006  28.09
  2012        65-69     0.00644  0.03175  2.81   94019    2985  463551  2216110  23.57
  2012        70-74     0.01043  0.05095  2.74   91034    4638  444676  1752559  19.25
  2012        75-79     0.01994  0.09530  2.69   86396    8233  412927  1307883  15.14
  2012        80-84     0.03703  0.17010  2.61   78163   13296  359033   894956  11.45
  2012        85-89     0.06862  0.29539  2.65   64867   19161  279251   535923   8.26
  2012        90-94     0.13696  0.51024  2.50   45706   23321  170277   256672   5.62
  2012        95-99     0.22792  0.69994  2.24   22385   15668   68746    86395   3.86
  2012       100-104    0.36373  0.85954  1.93    6717    5773   15873    17649   2.63
  2012       105-109    0.52512  0.94353  1.61     943     890    1695     1776   1.88
  2012       110+       0.65963  1.00000  1.52      53      53      81       81   1.52
  2013           0      0.00155  0.00154  0.15  100000     154   99868  8680115  86.80
  2013         1-4      0.00020  0.00081  1.56   99846      81  399185  8580247  85.94
  2013         5-9      0.00011  0.00054  2.84   99765      54  498706  8181062  82.00
  2013        10-14     0.00008  0.00040  2.29   99711      40  498445  7682356  77.05
  2013        15-19     0.00013  0.00063  3.39   99671      63  498252  7183911  72.08
  2013        20-24     0.00016  0.00081  2.28   99608      81  497818  6685659  67.12
  2013        25-29     0.00023  0.00113  2.35   99527     112  497336  6187841  62.17
  2013        30-34     0.00030  0.00148  2.73   99414     147  496738  5690505  57.24
  2013        35-39     0.00042  0.00208  2.61   99267     206  495844  5193766  52.32
  2013        40-44     0.00072  0.00359  2.58   99061     356  494447  4697922  47.42
  2013        45-49     0.00111  0.00555  2.62   98706     548  492223  4203475  42.59
  2013        50-54     0.00174  0.00865  2.57   98158     849  488727  3711253  37.81
  2013        55-59     0.00279  0.01387  2.69   97309    1350  483420  3222526  33.12
  2013        60-64     0.00390  0.01932  2.59   95958    1854  475329  2739106  28.54
  2013        65-69     0.00597  0.02947  2.72   94105    2773  464198  2263777  24.06
  2013        70-74     0.01028  0.05023  2.75   91332    4587  446345  1799579  19.70
  2013        75-79     0.01848  0.08870  2.73   86744    7694  416250  1353233  15.60
  2013        80-84     0.03530  0.16275  2.61   79050   12866  364493   936983  11.85
  2013        85-89     0.06440  0.27976  2.66   66185   18516  287514   572491   8.65
  2013        90-94     0.12341  0.47259  2.52   47669   22528  182546   284976   5.98
  2013        95-99     0.21260  0.67329  2.28   25141   16927   79622   102431   4.07
  2013       100-104    0.34149  0.84050  1.98    8214    6904   20217    22809   2.78
  2013       105-109    0.49833  0.93415  1.65    1310    1224    2456     2592   1.98
  2013       110+       0.63168  1.00000  1.58      86      86     137      137   1.58
  2014           0      0.00249  0.00249  0.14  100000     249   99787  8678988  86.79
  2014         1-4      0.00021  0.00085  1.69   99751      85  398809  8579201  86.01
  2014         5-9      0.00007  0.00034  1.60   99667      34  498218  8180392  82.08
  2014        10-14     0.00011  0.00056  2.45   99633      56  498021  7682174  77.10
  2014        15-19     0.00011  0.00056  2.53   99577      56  497747  7184152  72.15
  2014        20-24     0.00014  0.00068  2.64   99521      68  497445  6686406  67.19
  2014        25-29     0.00016  0.00082  2.63   99453      82  497073  6188961  62.23
  2014        30-34     0.00030  0.00148  2.46   99372     147  496485  5691888  57.28
  2014        35-39     0.00036  0.00182  2.65   99225     180  495700  5195403  52.36
  2014        40-44     0.00061  0.00306  2.72   99044     304  494529  4699704  47.45
  2014        45-49     0.00108  0.00540  2.72   98741     533  492485  4205174  42.59
  2014        50-54     0.00166  0.00829  2.77   98207     814  489224  3712689  37.80
  2014        55-59     0.00271  0.01345  2.64   97393    1310  483878  3223465  33.10
  2014        60-64     0.00392  0.01940  2.61   96083    1864  475968  2739586  28.51
  2014        65-69     0.00590  0.02911  2.72   94219    2743  464831  2263619  24.02
  2014        70-74     0.00985  0.04812  2.60   91477    4401  446831  1798788  19.66
  2014        75-79     0.01892  0.09072  2.75   87075    7899  417614  1351957  15.53
  2014        80-84     0.03662  0.16886  2.70   79176   13370  365100   934343  11.80
  2014        85-89     0.06283  0.27418  2.68   65806   18043  287157   569243   8.65
  2014        90-94     0.12531  0.47680  2.49   47763   22774  181739   282085   5.91
  2014        95-99     0.21646  0.68036  2.27   24990   17002   78545   100347   4.02
  2014       100-104    0.34824  0.84666  1.97    7988    6763   19420    21802   2.73
  2014       105-109    0.50764  0.93765  1.64    1225    1148    2262     2381   1.94
  2014       110+       0.64235  1.00000  1.56      76      76     119      119   1.56
  2015           0      0.00130  0.00130  0.15  100000     130   99889  8699468  86.99
  2015         1-4      0.00009  0.00035  1.42   99870      35  399389  8599579  86.11
  2015         5-9      0.00007  0.00037  2.48   99835      37  499080  8200190  82.14
  2015        10-14     0.00007  0.00035  2.17   99798      35  498890  7701110  77.17
  2015        15-19     0.00014  0.00071  2.86   99763      71  498663  7202219  72.19
  2015        20-24     0.00014  0.00071  2.41   99692      71  498278  6703556  67.24
  2015        25-29     0.00017  0.00087  2.67   99621      86  497905  6205279  62.29
  2015        30-34     0.00027  0.00133  2.65   99535     132  497364  5707373  57.34
  2015        35-39     0.00042  0.00208  2.89   99403     207  496577  5210009  52.41
  2015        40-44     0.00077  0.00386  2.75   99196     383  495120  4713432  47.52
  2015        45-49     0.00120  0.00596  2.77   98813     589  492757  4218312  42.69
  2015        50-54     0.00182  0.00904  2.62   98224     888  489011  3725555  37.93
  2015        55-59     0.00271  0.01346  2.72   97336    1310  483695  3236544  33.25
  2015        60-64     0.00395  0.01954  2.60   96026    1877  475634  2752849  28.67
  2015        65-69     0.00622  0.03066  2.63   94150    2886  463897  2277215  24.19
  2015        70-74     0.00967  0.04729  2.64   91264    4316  446135  1813318  19.87
  2015        75-79     0.01866  0.08950  2.74   86948    7782  417150  1367183  15.72
  2015        80-84     0.03508  0.16235  2.70   79165   12852  366322   950033  12.00
  2015        85-89     0.06118  0.26767  2.67   66313   17750  290123   583711   8.80
  2015        90-94     0.12074  0.46409  2.51   48563   22538  186664   293588   6.05
  2015        95-99     0.21004  0.66886  2.29   26026   17408   82877   106924   4.11
  2015       100-104    0.33948  0.83888  1.99    8618    7229   21296    24047   2.79
  2015       105-109    0.49763  0.93401  1.66    1389    1297    2606     2751   1.98
  2015       110+       0.63230  1.00000  1.58      92      92     145      145   1.58
  2016           0      0.00195  0.00195  0.15  100000     195   99834  8731386  87.31
  2016         1-4      0.00016  0.00065  2.16   99805      65  399102  8631552  86.48
  2016         5-9      0.00005  0.00027  1.73   99740      27  498613  8232450  82.54
  2016        10-14     0.00008  0.00040  1.60   99713      40  498432  7733837  77.56
  2016        15-19     0.00015  0.00075  3.41   99674      74  498250  7235405  72.59
  2016        20-24     0.00017  0.00084  2.52   99599      84  497788  6737155  67.64
  2016        25-29     0.00019  0.00095  2.30   99515      94  497321  6239367  62.70
  2016        30-34     0.00025  0.00127  2.76   99421     126  496821  5742045  57.75
  2016        35-39     0.00038  0.00191  2.54   99295     190  496006  5245224  52.82
  2016        40-44     0.00075  0.00373  2.86   99105     370  494732  4749218  47.92
  2016        45-49     0.00106  0.00530  2.84   98735     523  492546  4254486  43.09
  2016        50-54     0.00174  0.00866  2.72   98212     851  489117  3761940  38.30
  2016        55-59     0.00256  0.01274  2.57   97361    1241  483797  3272823  33.62
  2016        60-64     0.00404  0.02003  2.80   96121    1925  476361  2789026  29.02
  2016        65-69     0.00603  0.02976  2.74   94195    2803  464648  2312664  24.55
  2016        70-74     0.00967  0.04732  2.76   91392    4325  447256  1848017  20.22
  2016        75-79     0.01706  0.08218  2.77   87067    7155  419353  1400761  16.09
  2016        80-84     0.03338  0.15495  2.69   79912   12382  370935   981408  12.28
  2016        85-89     0.05940  0.25931  2.55   67530   17511  294789   610473   9.04
  2016        90-94     0.11207  0.44034  2.57   50019   22025  196529   315684   6.31
  2016        95-99     0.20052  0.65099  2.31   27994   18224   90880   119155   4.26
  2016       100-104    0.32545  0.82548  2.02    9770    8065   24781    28274   2.89
  2016       105-109    0.48037  0.92714  1.69    1705    1581    3291     3493   2.05
  2016       110+       0.61389  1.00000  1.63     124     124     202      202   1.63
  2017           0      0.00184  0.00184  0.15  100000     184   99843  8767192  87.67
  2017         1-4      0.00010  0.00040  2.21   99816      40  399194  8667349  86.83
  2017         5-9      0.00004  0.00020  2.06   99776      20  498822  8268155  82.87
  2017        10-14     0.00008  0.00038  2.31   99756      38  498677  7769333  77.88
  2017        15-19     0.00011  0.00056  2.32   99718      56  498438  7270656  72.91
  2017        20-24     0.00021  0.00103  2.44   99662     103  498043  6772219  67.95
  2017        25-29     0.00021  0.00105  2.52   99558     104  497533  6274175  63.02
  2017        30-34     0.00025  0.00123  2.70   99454     122  496990  5776643  58.08
  2017        35-39     0.00040  0.00199  2.45   99332     197  496156  5279653  53.15
  2017        40-44     0.00065  0.00325  2.71   99135     322  494936  4783497  48.25
  2017        45-49     0.00119  0.00593  2.73   98812     586  492730  4288561  43.40
  2017        50-54     0.00183  0.00909  2.65   98227     893  489038  3795831  38.64
  2017        55-59     0.00248  0.01231  2.64   97334    1198  483844  3306793  33.97
  2017        60-64     0.00384  0.01904  2.67   96136    1830  476408  2822949  29.36
  2017        65-69     0.00598  0.02949  2.66   94306    2781  465031  2346541  24.88
  2017        70-74     0.00956  0.04678  2.69   91525    4281  447714  1881510  20.56
  2017        75-79     0.01677  0.08084  2.78   87244    7053  420567  1433796  16.43
  2017        80-84     0.03269  0.15222  2.74   80191   12206  373399  1013229  12.64
  2017        85-89     0.05710  0.25035  2.54   67984   17020  298080   639830   9.41
  2017        90-94     0.10231  0.40956  2.57   50964   20873  204017   341750   6.71
  2017        95-99     0.18278  0.61481  2.34   30091   18501  101217   137732   4.58
  2017       100-104    0.29497  0.79206  2.08   11591    9181   31124    36516   3.15
  2017       105-109    0.43772  0.90659  1.77    2410    2185    4992     5392   2.24
  2017       110+       0.56343  1.00000  1.77     225     225     400      400   1.77
  2018           0      0.00158  0.00158  0.15  100000     158   99865  8804874  88.05
  2018         1-4      0.00014  0.00055  2.01   99842      55  399259  8705009  87.19
  2018         5-9      0.00008  0.00040  2.16   99787      40  498821  8305750  83.23
  2018        10-14     0.00008  0.00038  3.07   99747      38  498662  7806929  78.27
  2018        15-19     0.00014  0.00069  3.24   99709      68  498424  7308267  73.30
  2018        20-24     0.00016  0.00080  2.32   99641      80  497989  6809843  68.34
  2018        25-29     0.00017  0.00086  2.59   99561      86  497597  6311854  63.40
  2018        30-34     0.00027  0.00133  2.70   99475     132  497071  5814257  58.45
  2018        35-39     0.00034  0.00169  2.86   99343     168  496354  5317186  53.52
  2018        40-44     0.00070  0.00351  2.56   99175     348  495022  4820832  48.61
  2018        45-49     0.00106  0.00529  2.56   98826     523  492853  4325810  43.77
  2018        50-54     0.00178  0.00885  2.68   98303     870  489501  3832957  38.99
  2018        55-59     0.00259  0.01285  2.59   97433    1252  484146  3343456  34.32
  2018        60-64     0.00372  0.01843  2.59   96181    1773  476624  2859310  29.73
  2018        65-69     0.00547  0.02702  2.60   94408    2551  465916  2382685  25.24
  2018        70-74     0.00909  0.04455  2.80   91858    4092  450295  1916769  20.87
  2018        75-79     0.01527  0.07370  2.63   87766    6469  423480  1466474  16.71
  2018        80-84     0.03191  0.14869  2.71   81297   12088  378858  1042994  12.83
  2018        85-89     0.05656  0.24826  2.54   69209   17182  303776   664136   9.60
  2018        90-94     0.09777  0.39449  2.55   52027   20524  209918   360361   6.93
  2018        95-99     0.17317  0.59383  2.35   31503   18707  108029   150443   4.78
  2018       100-104    0.27795  0.77086  2.11   12796    9864   35487    42415   3.31
  2018       105-109    0.41298  0.89216  1.82    2932    2616    6334     6927   2.36
  2018       110+       0.53292  1.00000  1.88     316     316     593      593   1.88
  2019           0      0.00135  0.00135  0.15  100000     135   99885  8813878  88.14
  2019         1-4      0.00010  0.00041  1.71   99865      41  399365  8713993  87.26
  2019         5-9      0.00005  0.00027  2.99   99824      26  499065  8314627  83.29
  2019        10-14     0.00011  0.00054  2.79   99797      54  498866  7815562  78.31
  2019        15-19     0.00017  0.00087  2.70   99743      86  498517  7316696  73.36
  2019        20-24     0.00014  0.00072  2.62   99657      72  498112  6818179  68.42
  2019        25-29     0.00018  0.00091  2.62   99585      90  497708  6320067  63.46
  2019        30-34     0.00028  0.00139  2.62   99494     139  497141  5822359  58.52
  2019        35-39     0.00036  0.00182  2.64   99356     181  496351  5325218  53.60
  2019        40-44     0.00064  0.00318  2.56   99175     316  495102  4828867  48.69
  2019        45-49     0.00104  0.00520  2.77   98859     514  493150  4333766  43.84
  2019        50-54     0.00180  0.00895  2.75   98345     880  489748  3840616  39.05
  2019        55-59     0.00247  0.01229  2.56   97465    1198  484401  3350868  34.38
  2019        60-64     0.00381  0.01888  2.64   96267    1818  477051  2866467  29.78
  2019        65-69     0.00568  0.02801  2.60   94449    2645  465885  2389416  25.30
  2019        70-74     0.00904  0.04427  2.64   91804    4064  449428  1923531  20.95
  2019        75-79     0.01599  0.07709  2.66   87739    6764  422891  1474103  16.80
  2019        80-84     0.03057  0.14285  2.70   80975   11567  378328  1051212  12.98
  2019        85-89     0.05730  0.25229  2.63   69408   17511  305618   672884   9.69
  2019        90-94     0.09413  0.38373  2.59   51897   19914  211557   367266   7.08
  2019        95-99     0.16869  0.58388  2.36   31982   18674  110696   155709   4.87
  2019       100-104    0.27131  0.76223  2.13   13309   10144   37390    45013   3.38
  2019       105-109    0.40443  0.88681  1.83    3164    2806    6939     7623   2.41
  2019       110+       0.52312  1.00000  1.91     358     358     685      685   1.91
