Republic of Korea, Life tables (period 5x1), Females	Last modified: 15 Nov 2019;  Methods Protocol: v6 (2017)

  Year          Age         mx       qx    ax      lx      dx      Lx       Tx     ex
  2003           0      0.00485  0.00483  0.14  100000     483   99585  8070708  80.71
  2003         1-4      0.00033  0.00131  1.75   99517     131  397776  7971123  80.10
  2003         5-9      0.00016  0.00081  2.30   99387      80  496717  7573347  76.20
  2003        10-14     0.00012  0.00062  2.49   99306      62  496377  7076631  71.26
  2003        15-19     0.00026  0.00130  2.65   99245     129  495921  6580254  66.30
  2003        20-24     0.00035  0.00173  2.61   99116     171  495172  6084333  61.39
  2003        25-29     0.00043  0.00216  2.58   98945     214  494206  5589161  56.49
  2003        30-34     0.00055  0.00275  2.68   98731     271  493024  5094955  51.60
  2003        35-39     0.00076  0.00382  2.64   98459     376  491410  4601931  46.74
  2003        40-44     0.00114  0.00568  2.68   98084     557  489124  4110521  41.91
  2003        45-49     0.00166  0.00824  2.68   97526     804  485769  3621397  37.13
  2003        50-54     0.00242  0.01204  2.62   96722    1165  480838  3135629  32.42
  2003        55-59     0.00368  0.01824  2.67   95558    1743  473731  2654791  27.78
  2003        60-64     0.00600  0.02959  2.72   93815    2776  462737  2181060  23.25
  2003        65-69     0.01098  0.05358  2.75   91039    4878  444229  1718323  18.87
  2003        70-74     0.02105  0.10042  2.72   86161    8652  411061  1274094  14.79
  2003        75-79     0.04116  0.18773  2.66   77508   14551  353483   863033  11.13
  2003        80-84     0.07746  0.32571  2.56   62958   20506  264730   509550   8.09
  2003        85-89     0.13319  0.49560  2.42   42452   21039  157961   244820   5.77
  2003        90-94     0.21714  0.67607  2.21   21413   14477   66669    86859   4.06
  2003        95-99     0.32480  0.82230  2.00    6936    5704   17561    20190   2.91
  2003       100-104    0.45933  0.91611  1.72    1233    1129    2458     2629   2.13
  2003       105-109    0.60089  0.96201  1.47     103      99     166      171   1.65
  2003       110+       0.71148  1.00000  1.41       4       4       6        6   1.41
  2004           0      0.00457  0.00455  0.14  100000     455   99608  8120100  81.20
  2004         1-4      0.00031  0.00124  1.78   99545     123  397905  8020492  80.57
  2004         5-9      0.00015  0.00077  2.35   99422      77  496905  7622587  76.67
  2004        10-14     0.00013  0.00063  2.69   99345      63  496580  7125682  71.73
  2004        15-19     0.00021  0.00103  2.80   99282     102  496186  6629102  66.77
  2004        20-24     0.00030  0.00151  2.58   99180     150  495536  6132917  61.84
  2004        25-29     0.00038  0.00190  2.44   99030     188  494666  5637381  56.93
  2004        30-34     0.00050  0.00249  2.65   98841     246  493628  5142715  52.03
  2004        35-39     0.00076  0.00377  2.68   98595     372  492113  4649087  47.15
  2004        40-44     0.00111  0.00556  2.74   98223     546  489885  4156975  42.32
  2004        45-49     0.00159  0.00794  2.66   97677     776  486569  3667090  37.54
  2004        50-54     0.00231  0.01151  2.68   96902    1115  481918  3180521  32.82
  2004        55-59     0.00339  0.01680  2.68   95786    1609  475204  2698603  28.17
  2004        60-64     0.00567  0.02798  2.71   94177    2635  464839  2223399  23.61
  2004        65-69     0.01025  0.05006  2.73   91542    4583  447322  1758560  19.21
  2004        70-74     0.01970  0.09427  2.72   86959    8197  416132  1311238  15.08
  2004        75-79     0.03900  0.17884  2.68   78762   14086  361161   895105  11.36
  2004        80-84     0.07401  0.31422  2.60   64677   20323  274596   533945   8.26
  2004        85-89     0.13100  0.49124  2.45   44354   21788  166317   259349   5.85
  2004        90-94     0.21080  0.66744  2.25   22565   15061   71448    93032   4.12
  2004        95-99     0.32884  0.82695  1.99    7504    6206   18872    21584   2.88
  2004       100-104    0.46964  0.92132  1.70    1299    1196    2548     2712   2.09
  2004       105-109    0.61648  0.96543  1.44     102      99     160      165   1.61
  2004       110+       0.72956  1.00000  1.37       4       4       5        5   1.37
  2005           0      0.00412  0.00411  0.14  100000     411   99647  8156005  81.56
  2005         1-4      0.00026  0.00102  1.52   99589     102  398105  8056358  80.90
  2005         5-9      0.00015  0.00076  2.28   99487      76  497231  7658253  76.98
  2005        10-14     0.00013  0.00065  2.59   99412      64  496904  7161022  72.03
  2005        15-19     0.00022  0.00111  2.71   99347     110  496485  6664118  67.08
  2005        20-24     0.00039  0.00193  2.58   99237     192  495723  6167633  62.15
  2005        25-29     0.00044  0.00221  2.50   99046     219  494682  5671910  57.27
  2005        30-34     0.00055  0.00275  2.55   98827     272  493469  5177228  52.39
  2005        35-39     0.00076  0.00377  2.70   98555     371  491921  4683759  47.52
  2005        40-44     0.00104  0.00518  2.68   98184     509  489734  4191838  42.69
  2005        45-49     0.00157  0.00782  2.64   97675     764  486571  3702104  37.90
  2005        50-54     0.00224  0.01115  2.64   96910    1081  481997  3215533  33.18
  2005        55-59     0.00324  0.01610  2.65   95829    1543  475516  2733536  28.53
  2005        60-64     0.00541  0.02673  2.69   94287    2521  465597  2258019  23.95
  2005        65-69     0.00952  0.04661  2.73   91766    4277  449132  1792422  19.53
  2005        70-74     0.01848  0.08866  2.72   87489    7757  419783  1343290  15.35
  2005        75-79     0.03743  0.17231  2.70   79732   13738  367009   923507  11.58
  2005        80-84     0.07110  0.30371  2.60   65994   20043  281894   556499   8.43
  2005        85-89     0.12633  0.47922  2.48   45951   22021  174308   274605   5.98
  2005        90-94     0.20653  0.66030  2.27   23930   15801   76509   100297   4.19
  2005        95-99     0.32222  0.82058  2.01    8129    6671   20702    23788   2.93
  2005       100-104    0.46309  0.91846  1.72    1459    1340    2893     3086   2.12
  2005       105-109    0.61111  0.96442  1.45     119     115     188      194   1.63
  2005       110+       0.72560  1.00000  1.38       4       4       6        6   1.38
  2006           0      0.00373  0.00372  0.14  100000     372   99681  8211667  82.12
  2006         1-4      0.00028  0.00110  1.70   99628     110  398260  8111986  81.42
  2006         5-9      0.00014  0.00071  2.23   99518      70  497397  7713726  77.51
  2006        10-14     0.00011  0.00056  2.94   99448      55  497127  7216329  72.56
  2006        15-19     0.00021  0.00104  2.78   99393     104  496735  6719202  67.60
  2006        20-24     0.00031  0.00156  2.61   99289     155  496075  6222467  62.67
  2006        25-29     0.00037  0.00186  2.49   99134     185  495207  5726392  57.76
  2006        30-34     0.00047  0.00234  2.65   98950     232  494205  5231185  52.87
  2006        35-39     0.00067  0.00337  2.71   98718     332  492828  4736980  47.98
  2006        40-44     0.00096  0.00480  2.61   98386     472  490799  4244152  43.14
  2006        45-49     0.00142  0.00708  2.62   97913     693  487916  3753353  38.33
  2006        50-54     0.00216  0.01074  2.67   97220    1044  483669  3265437  33.59
  2006        55-59     0.00310  0.01537  2.69   96176    1479  477466  2781768  28.92
  2006        60-64     0.00483  0.02386  2.71   94697    2260  468314  2304302  24.33
  2006        65-69     0.00894  0.04379  2.71   92438    4048  452926  1835988  19.86
  2006        70-74     0.01717  0.08263  2.72   88390    7304  425303  1383061  15.65
  2006        75-79     0.03466  0.16056  2.71   81086   13019  375574   957758  11.81
  2006        80-84     0.06893  0.29638  2.64   68067   20174  292654   582184   8.55
  2006        85-89     0.12322  0.47071  2.49   47894   22544  182959   289530   6.05
  2006        90-94     0.20618  0.66082  2.28   25350   16751   81245   106571   4.20
  2006        95-99     0.31962  0.81819  2.02    8598    7035   22010    25326   2.95
  2006       100-104    0.46191  0.91808  1.72    1563    1435    3107     3315   2.12
  2006       105-109    0.61171  0.96462  1.45     128     124     202      208   1.63
  2006       110+       0.72748  1.00000  1.37       5       5       6        6   1.37
  2007           0      0.00358  0.00357  0.14  100000     357   99693  8242256  82.42
  2007         1-4      0.00025  0.00100  1.71   99643     100  398342  8142562  81.72
  2007         5-9      0.00013  0.00063  2.25   99543      63  497542  7744220  77.80
  2007        10-14     0.00011  0.00054  2.83   99480      54  497284  7246677  72.85
  2007        15-19     0.00021  0.00105  2.71   99426     104  496894  6749393  67.88
  2007        20-24     0.00041  0.00203  2.73   99322     201  496155  6252499  62.95
  2007        25-29     0.00047  0.00236  2.49   99121     233  495020  5756345  58.07
  2007        30-34     0.00058  0.00292  2.50   98888     289  493718  5261324  53.21
  2007        35-39     0.00070  0.00350  2.59   98599     345  492161  4767607  48.35
  2007        40-44     0.00097  0.00483  2.66   98254     475  490157  4275445  43.51
  2007        45-49     0.00145  0.00721  2.59   97779     705  487196  3785288  38.71
  2007        50-54     0.00196  0.00978  2.64   97073     949  483126  3298093  33.98
  2007        55-59     0.00291  0.01447  2.65   96124    1391  477356  2814967  29.28
  2007        60-64     0.00472  0.02333  2.68   94734    2210  468548  2337611  24.68
  2007        65-69     0.00843  0.04135  2.71   92523    3826  453846  1869063  20.20
  2007        70-74     0.01639  0.07905  2.75   88697    7012  427688  1415217  15.96
  2007        75-79     0.03318  0.15422  2.72   81686   12597  379659   987529  12.09
  2007        80-84     0.06461  0.28054  2.66   69088   19382  299997   607870   8.80
  2007        85-89     0.11788  0.45503  2.49   49706   22618  191873   307873   6.19
  2007        90-94     0.20015  0.64876  2.29   27088   17574   87804   116000   4.28
  2007        95-99     0.31698  0.81605  2.03    9515    7764   24495    28195   2.96
  2007       100-104    0.46323  0.91908  1.72    1750    1609    3472     3701   2.11
  2007       105-109    0.61724  0.96589  1.44     142     137     222      228   1.61
  2007       110+       0.73551  1.00000  1.36       5       5       7        7   1.36
  2008           0      0.00328  0.00328  0.14  100000     328   99719  8301500  83.01
  2008         1-4      0.00021  0.00085  1.63   99672      85  398490  8201781  82.29
  2008         5-9      0.00013  0.00063  2.30   99588      62  497771  7803291  78.36
  2008        10-14     0.00011  0.00055  2.89   99526      55  497512  7305519  73.40
  2008        15-19     0.00020  0.00100  2.66   99471      99  497121  6808008  68.44
  2008        20-24     0.00037  0.00183  2.70   99372     181  496441  6310886  63.51
  2008        25-29     0.00048  0.00240  2.49   99190     238  495352  5814446  58.62
  2008        30-34     0.00056  0.00278  2.55   98952     275  494083  5319094  53.75
  2008        35-39     0.00068  0.00340  2.63   98676     336  492588  4825010  48.90
  2008        40-44     0.00097  0.00485  2.61   98341     477  490562  4332422  44.06
  2008        45-49     0.00139  0.00692  2.62   97863     677  487704  3841860  39.26
  2008        50-54     0.00195  0.00972  2.61   97187     944  483680  3354156  34.51
  2008        55-59     0.00283  0.01406  2.66   96242    1354  478049  2870476  29.83
  2008        60-64     0.00438  0.02166  2.65   94888    2055  469616  2392427  25.21
  2008        65-69     0.00775  0.03806  2.75   92833    3534  456211  1922811  20.71
  2008        70-74     0.01512  0.07311  2.73   89299    6529  431707  1466599  16.42
  2008        75-79     0.03019  0.14132  2.74   82771   11697  387399  1034892  12.50
  2008        80-84     0.05976  0.26158  2.62   71074   18591  311081   647493   9.11
  2008        85-89     0.11228  0.43725  2.47   52482   22948  204391   336412   6.41
  2008        90-94     0.18863  0.62470  2.30   29534   18450   97811   132021   4.47
  2008        95-99     0.30214  0.80011  2.06   11084    8869   29353    34210   3.09
  2008       100-104    0.44550  0.91054  1.75    2216    2017    4528     4857   2.19
  2008       105-109    0.59947  0.96231  1.47     198     191     318      329   1.66
  2008       110+       0.71965  1.00000  1.39       7       7      10       10   1.39
  2009           0      0.00313  0.00312  0.14  100000     312   99732  8344070  83.44
  2009         1-4      0.00022  0.00090  1.62   99688      89  398538  8244337  82.70
  2009         5-9      0.00011  0.00053  2.29   99598      53  497848  7845800  78.77
  2009        10-14     0.00011  0.00055  2.74   99546      54  497604  7347951  73.81
  2009        15-19     0.00023  0.00113  2.75   99491     113  497201  6850347  68.85
  2009        20-24     0.00038  0.00189  2.77   99378     188  496471  6353146  63.93
  2009        25-29     0.00052  0.00261  2.50   99190     259  495304  5856675  59.04
  2009        30-34     0.00062  0.00310  2.50   98931     306  493890  5361371  54.19
  2009        35-39     0.00073  0.00366  2.60   98625     361  492258  4867481  49.35
  2009        40-44     0.00095  0.00475  2.62   98264     467  490208  4375223  44.53
  2009        45-49     0.00134  0.00669  2.63   97797     654  487435  3885016  39.73
  2009        50-54     0.00190  0.00946  2.62   97143     919  483533  3397580  34.98
  2009        55-59     0.00271  0.01348  2.64   96224    1297  478065  2914047  30.28
  2009        60-64     0.00425  0.02106  2.68   94927    1999  470005  2435982  25.66
  2009        65-69     0.00732  0.03599  2.75   92929    3344  457117  1965977  21.16
  2009        70-74     0.01418  0.06869  2.73   89585    6154  433926  1508860  16.84
  2009        75-79     0.02863  0.13436  2.71   83431   11210  391507  1074934  12.88
  2009        80-84     0.05647  0.24931  2.65   72221   18005  318837   683427   9.46
  2009        85-89     0.10358  0.41244  2.53   54216   22360  215878   364590   6.72
  2009        90-94     0.17789  0.60338  2.33   31855   19221  108051   148712   4.67
  2009        95-99     0.28733  0.78299  2.09   12634    9892   34429    40661   3.22
  2009       100-104    0.42827  0.90146  1.79    2742    2472    5771     6232   2.27
  2009       105-109    0.58262  0.95859  1.50     270     259     445      460   1.70
  2009       110+       0.70488  1.00000  1.42      11      11      16       16   1.42
  2010           0      0.00297  0.00296  0.14  100000     296   99746  8367337  83.67
  2010         1-4      0.00019  0.00077  1.58   99704      77  398628  8267591  82.92
  2010         5-9      0.00008  0.00041  2.57   99627      41  498033  7868963  78.98
  2010        10-14     0.00010  0.00052  2.80   99585      51  497814  7370931  74.02
  2010        15-19     0.00020  0.00101  2.85   99534     100  497454  6873117  69.05
  2010        20-24     0.00033  0.00167  2.70   99434     166  496789  6375663  64.12
  2010        25-29     0.00047  0.00236  2.59   99268     234  495777  5878874  59.22
  2010        30-34     0.00054  0.00268  2.56   99034     265  494525  5383097  54.36
  2010        35-39     0.00071  0.00356  2.65   98769     351  493019  4888573  49.49
  2010        40-44     0.00092  0.00460  2.64   98418     453  491022  4395554  44.66
  2010        45-49     0.00136  0.00679  2.64   97965     665  488256  3904532  39.86
  2010        50-54     0.00187  0.00930  2.62   97300     905  484348  3416276  35.11
  2010        55-59     0.00257  0.01276  2.66   96395    1230  479094  2931928  30.42
  2010        60-64     0.00406  0.02011  2.67   95165    1914  471366  2452834  25.77
  2010        65-69     0.00719  0.03538  2.73   93252    3299  458785  1981469  21.25
  2010        70-74     0.01366  0.06624  2.75   89953    5959  436335  1522684  16.93
  2010        75-79     0.02791  0.13122  2.72   83994   11021  394864  1086349  12.93
  2010        80-84     0.05608  0.24765  2.64   72973   18072  322268   691484   9.48
  2010        85-89     0.10283  0.40966  2.52   54901   22491  218713   369217   6.73
  2010        90-94     0.17952  0.60698  2.33   32410   19673  109586   150503   4.64
  2010        95-99     0.28791  0.78378  2.09   12738    9984   34676    40917   3.21
  2010       100-104    0.42963  0.90227  1.79    2754    2485    5784     6241   2.27
  2010       105-109    0.58464  0.95909  1.50     269     258     442      457   1.70
  2010       110+       0.70721  1.00000  1.41      11      11      16       16   1.41
  2011           0      0.00278  0.00277  0.14  100000     277   99763  8406410  84.06
  2011         1-4      0.00020  0.00079  1.61   99723      78  398705  8306648  83.30
  2011         5-9      0.00009  0.00043  2.30   99645      42  498109  7907943  79.36
  2011        10-14     0.00011  0.00053  2.66   99602      53  497889  7409834  74.39
  2011        15-19     0.00018  0.00091  2.64   99550      91  497534  6911945  69.43
  2011        20-24     0.00031  0.00153  2.62   99459     152  496931  6414411  64.49
  2011        25-29     0.00043  0.00214  2.67   99306     212  496036  5917480  59.59
  2011        30-34     0.00055  0.00273  2.58   99094     270  494817  5421444  54.71
  2011        35-39     0.00065  0.00325  2.61   98824     321  493353  4926627  49.85
  2011        40-44     0.00091  0.00456  2.64   98503     449  491453  4433274  45.01
  2011        45-49     0.00126  0.00631  2.63   98054     618  488803  3941820  40.20
  2011        50-54     0.00175  0.00872  2.57   97435     849  485111  3453018  35.44
  2011        55-59     0.00250  0.01240  2.65   96586    1198  480111  2967906  30.73
  2011        60-64     0.00392  0.01943  2.70   95388    1854  472666  2487796  26.08
  2011        65-69     0.00668  0.03288  2.74   93534    3075  460720  2015129  21.54
  2011        70-74     0.01270  0.06176  2.76   90459    5587  439793  1554410  17.18
  2011        75-79     0.02619  0.12367  2.75   84872   10496  400724  1114617  13.13
  2011        80-84     0.05386  0.23955  2.69   74376   17817  330779   713893   9.60
  2011        85-89     0.10266  0.41035  2.56   56559   23209  226077   383114   6.77
  2011        90-94     0.17589  0.60341  2.40   33350   20124  114410   157037   4.71
  2011        95-99     0.28651  0.78242  2.10   13226   10348   36119    42627   3.22
  2011       100-104    0.43045  0.90298  1.79    2878    2599    6037     6509   2.26
  2011       105-109    0.58798  0.95998  1.49     279     268     456      472   1.69
  2011       110+       0.71216  1.00000  1.40      11      11      16       16   1.40
  2012           0      0.00283  0.00282  0.14  100000     282   99758  8418190  84.18
  2012         1-4      0.00017  0.00067  1.53   99718      67  398706  8318431  83.42
  2012         5-9      0.00011  0.00055  2.30   99651      54  498107  7919726  79.47
  2012        10-14     0.00008  0.00039  2.53   99596      38  497887  7421619  74.52
  2012        15-19     0.00018  0.00090  2.48   99558      90  497563  6923732  69.54
  2012        20-24     0.00026  0.00131  2.66   99468     131  497034  6426169  64.61
  2012        25-29     0.00036  0.00180  2.63   99337     178  496264  5929135  59.69
  2012        30-34     0.00052  0.00259  2.57   99159     256  495173  5432870  54.79
  2012        35-39     0.00059  0.00296  2.62   98903     293  493817  4937697  49.92
  2012        40-44     0.00088  0.00440  2.65   98610     433  492029  4443880  45.07
  2012        45-49     0.00125  0.00625  2.60   98176     613  489409  3951851  40.25
  2012        50-54     0.00173  0.00860  2.67   97563     839  485856  3462442  35.49
  2012        55-59     0.00234  0.01165  2.68   96724    1127  481002  2976586  30.77
  2012        60-64     0.00361  0.01789  2.69   95597    1710  474039  2495585  26.11
  2012        65-69     0.00624  0.03078  2.75   93887    2890  462925  2021546  21.53
  2012        70-74     0.01273  0.06186  2.75   90997    5629  442321  1558621  17.13
  2012        75-79     0.02582  0.12198  2.74   85367   10413  403305  1116299  13.08
  2012        80-84     0.05388  0.23941  2.67   74954   17945  333035   712994   9.51
  2012        85-89     0.10387  0.41451  2.57   57009   23631  227505   379960   6.66
  2012        90-94     0.18130  0.61022  2.32   33378   20368  112343   152454   4.57
  2012        95-99     0.30168  0.80081  2.07   13010   10419   34536    40111   3.08
  2012       100-104    0.45430  0.91573  1.74    2592    2373    5224     5576   2.15
  2012       105-109    0.61727  0.96628  1.45     218     211     342      352   1.61
  2012       110+       0.74210  1.00000  1.35       7       7      10       10   1.35
  2013           0      0.00280  0.00280  0.14  100000     280   99760  8462993  84.63
  2013         1-4      0.00016  0.00066  1.73   99720      66  398732  8363233  83.87
  2013         5-9      0.00008  0.00041  2.32   99655      41  498163  7964500  79.92
  2013        10-14     0.00007  0.00035  2.47   99613      35  497979  7466338  74.95
  2013        15-19     0.00016  0.00078  2.75   99578      78  497717  6968359  69.98
  2013        20-24     0.00024  0.00122  2.53   99501     122  497203  6470642  65.03
  2013        25-29     0.00035  0.00175  2.67   99379     173  496490  5973439  60.11
  2013        30-34     0.00049  0.00242  2.56   99205     241  495441  5476949  55.21
  2013        35-39     0.00062  0.00312  2.62   98965     308  494089  4981508  50.34
  2013        40-44     0.00086  0.00431  2.59   98656     425  492259  4487419  45.49
  2013        45-49     0.00122  0.00606  2.61   98231     595  489730  3995160  40.67
  2013        50-54     0.00175  0.00870  2.62   97636     850  486156  3505430  35.90
  2013        55-59     0.00230  0.01141  2.63   96786    1105  481309  3019274  31.20
  2013        60-64     0.00359  0.01782  2.70   95681    1705  474482  2537965  26.53
  2013        65-69     0.00597  0.02944  2.74   93976    2767  463628  2063483  21.96
  2013        70-74     0.01192  0.05803  2.74   91210    5293  444064  1599855  17.54
  2013        75-79     0.02449  0.11610  2.76   85916    9975  407272  1155792  13.45
  2013        80-84     0.05017  0.22480  2.69   75941   17071  340265   748520   9.86
  2013        85-89     0.09716  0.39195  2.54   58870   23074  237499   408255   6.93
  2013        90-94     0.17106  0.58638  2.32   35796   20990  122705   170755   4.77
  2013        95-99     0.28371  0.77953  2.11   14806   11542   40681    48050   3.25
  2013       100-104    0.43117  0.90379  1.79    3264    2950    6842     7368   2.26
  2013       105-109    0.59283  0.96126  1.49     314     302     509      526   1.68
  2013       110+       0.71966  1.00000  1.39      12      12      17       17   1.39
  2014           0      0.00289  0.00288  0.14  100000     288   99753  8503691  85.04
  2014         1-4      0.00015  0.00060  1.50   99712      60  398698  8403938  84.28
  2014         5-9      0.00008  0.00041  2.34   99652      41  498153  8005240  80.33
  2014        10-14     0.00007  0.00037  2.68   99612      36  497973  7507087  75.36
  2014        15-19     0.00019  0.00093  2.63   99575      93  497656  7009113  70.39
  2014        20-24     0.00022  0.00110  2.57   99483     109  497147  6511457  65.45
  2014        25-29     0.00032  0.00162  2.70   99373     161  496497  6014310  60.52
  2014        30-34     0.00046  0.00231  2.69   99213     229  495534  5517813  55.62
  2014        35-39     0.00062  0.00311  2.60   98983     308  494180  5022279  50.74
  2014        40-44     0.00083  0.00413  2.64   98676     408  492416  4528100  45.89
  2014        45-49     0.00118  0.00589  2.68   98268     579  489994  4035684  41.07
  2014        50-54     0.00164  0.00818  2.66   97689     799  486576  3545689  36.30
  2014        55-59     0.00226  0.01125  2.65   96889    1090  481881  3059114  31.57
  2014        60-64     0.00336  0.01667  2.64   95799    1597  475228  2577232  26.90
  2014        65-69     0.00562  0.02772  2.73   94203    2612  465088  2102004  22.31
  2014        70-74     0.01108  0.05408  2.77   91591    4953  446931  1636917  17.87
  2014        75-79     0.02273  0.10812  2.75   86638    9367  412123  1189986  13.74
  2014        80-84     0.04837  0.21748  2.68   77271   16805  347433   777862  10.07
  2014        85-89     0.09284  0.37835  2.56   60466   22878  246419   430430   7.12
  2014        90-94     0.16583  0.57808  2.38   37589   21729  131035   184011   4.90
  2014        95-99     0.27392  0.76711  2.13   15860   12166   44414    52976   3.34
  2014       100-104    0.41878  0.89676  1.81    3694    3312    7909     8562   2.32
  2014       105-109    0.57982  0.95831  1.51     381     365     630      653   1.71
  2014       110+       0.70770  1.00000  1.41      16      16      22       22   1.41
  2015           0      0.00259  0.00259  0.14  100000     259   99778  8519487  85.19
  2015         1-4      0.00013  0.00053  1.52   99741      53  398833  8419709  84.42
  2015         5-9      0.00007  0.00036  2.26   99688      36  498342  8020876  80.46
  2015        10-14     0.00007  0.00033  2.74   99652      32  498187  7522534  75.49
  2015        15-19     0.00015  0.00075  2.85   99620      75  497938  7024347  70.51
  2015        20-24     0.00022  0.00112  2.67   99545     112  497465  6526409  65.56
  2015        25-29     0.00033  0.00164  2.56   99433     163  496768  6028945  60.63
  2015        30-34     0.00048  0.00241  2.58   99270     239  495772  5532177  55.73
  2015        35-39     0.00059  0.00295  2.58   99031     292  494449  5036405  50.86
  2015        40-44     0.00083  0.00415  2.62   98739     410  492720  4541955  46.00
  2015        45-49     0.00116  0.00577  2.67   98330     567  490325  4049235  41.18
  2015        50-54     0.00153  0.00760  2.61   97762     743  487034  3558910  36.40
  2015        55-59     0.00214  0.01065  2.62   97019    1033  482638  3071875  31.66
  2015        60-64     0.00327  0.01622  2.66   95986    1557  476294  2589237  26.98
  2015        65-69     0.00533  0.02633  2.69   94429    2486  466414  2112943  22.38
  2015        70-74     0.01082  0.05281  2.75   91943    4856  448795  1646529  17.91
  2015        75-79     0.02254  0.10729  2.75   87087    9343  414452  1197735  13.75
  2015        80-84     0.04688  0.21162  2.70   77744   16452  350911   783283  10.08
  2015        85-89     0.09417  0.38283  2.56   61292   23464  249169   432372   7.05
  2015        90-94     0.16705  0.58048  2.37   37827   21958  131446   183202   4.84
  2015        95-99     0.28159  0.77746  2.12   15869   12338   43816    51757   3.26
  2015       100-104    0.43283  0.90511  1.79    3532    3196    7385     7941   2.25
  2015       105-109    0.59872  0.96273  1.48     335     323     539      556   1.66
  2015       110+       0.72808  1.00000  1.37      12      12      17       17   1.37
  2016           0      0.00256  0.00255  0.14  100000     255   99782  8545475  85.45
  2016         1-4      0.00013  0.00054  1.80   99745      54  398862  8445693  84.67
  2016         5-9      0.00007  0.00036  2.43   99691      36  498363  8046831  80.72
  2016        10-14     0.00007  0.00034  2.38   99655      34  498187  7548468  75.75
  2016        15-19     0.00015  0.00076  2.73   99622      76  497936  7050280  70.77
  2016        20-24     0.00023  0.00114  2.51   99546     114  497447  6552344  65.82
  2016        25-29     0.00030  0.00149  2.48   99432     149  496788  6054898  60.89
  2016        30-34     0.00045  0.00223  2.67   99284     221  495903  5558110  55.98
  2016        35-39     0.00058  0.00289  2.61   99063     286  494628  5062207  51.10
  2016        40-44     0.00080  0.00399  2.60   98776     394  492937  4567579  46.24
  2016        45-49     0.00109  0.00545  2.65   98382     537  490650  4074642  41.42
  2016        50-54     0.00156  0.00776  2.62   97846     759  487420  3583992  36.63
  2016        55-59     0.00219  0.01089  2.62   97087    1057  482920  3096572  31.89
  2016        60-64     0.00324  0.01610  2.66   96030    1546  476525  2613652  27.22
  2016        65-69     0.00528  0.02606  2.74   94484    2463  466844  2137127  22.62
  2016        70-74     0.01002  0.04903  2.80   92021    4512  450160  1670283  18.15
  2016        75-79     0.02139  0.10202  2.75   87510    8928  417424  1220123  13.94
  2016        80-84     0.04555  0.20619  2.70   78582   16203  355715   802698  10.21
  2016        85-89     0.09215  0.37685  2.58   62379   23508  255116   446983   7.17
  2016        90-94     0.16327  0.57176  2.38   38871   22225  136125   191868   4.94
  2016        95-99     0.27275  0.76601  2.14   16646   12751   46751    55743   3.35
  2016       100-104    0.42055  0.89812  1.81    3895    3498    8318     8992   2.31
  2016       105-109    0.58487  0.95964  1.50     397     381     651      674   1.70
  2016       110+       0.71475  1.00000  1.40      16      16      22       22   1.40
  2017           0      0.00241  0.00240  0.14  100000     240   99794  8577309  85.77
  2017         1-4      0.00014  0.00057  1.71   99760      57  398910  8477515  84.98
  2017         5-9      0.00007  0.00033  2.21   99703      33  498424  8078605  81.03
  2017        10-14     0.00007  0.00036  2.63   99670      36  498265  7580181  76.05
  2017        15-19     0.00014  0.00068  2.73   99634      68  498015  7081916  71.08
  2017        20-24     0.00020  0.00102  2.53   99566     102  497577  6583901  66.13
  2017        25-29     0.00028  0.00140  2.54   99464     139  496978  6086324  61.19
  2017        30-34     0.00042  0.00209  2.67   99325     207  496141  5589346  56.27
  2017        35-39     0.00055  0.00274  2.61   99118     272  494939  5093205  51.39
  2017        40-44     0.00078  0.00390  2.65   98846     385  493321  4598265  46.52
  2017        45-49     0.00106  0.00528  2.67   98460     520  491089  4104944  41.69
  2017        50-54     0.00147  0.00732  2.56   97940     717  487951  3613855  36.90
  2017        55-59     0.00193  0.00963  2.63   97223     936  483896  3125904  32.15
  2017        60-64     0.00292  0.01451  2.67   96287    1397  478185  2642007  27.44
  2017        65-69     0.00492  0.02431  2.71   94890    2307  469157  2163823  22.80
  2017        70-74     0.00954  0.04671  2.79   92582    4325  453338  1694665  18.30
  2017        75-79     0.02032  0.09717  2.75   88258    8576  421979  1241328  14.06
  2017        80-84     0.04405  0.20019  2.73   79682   15951  362135   819349  10.28
  2017        85-89     0.09045  0.37146  2.60   63731   23673  261726   457214   7.17
  2017        90-94     0.16488  0.57750  2.41   40057   23133  140299   195488   4.88
  2017        95-99     0.28117  0.77759  2.13   16924   13160   46805    55189   3.26
  2017       100-104    0.43720  0.90792  1.78    3764    3418    7817     8384   2.23
  2017       105-109    0.60791  0.96482  1.46     347     334     550      567   1.63
  2017       110+       0.73969  1.00000  1.35      12      12      16       16   1.35
  2018           0      0.00247  0.00246  0.14  100000     246   99789  8577911  85.78
  2018         1-4      0.00014  0.00054  1.50   99754      54  398880  8478122  84.99
  2018         5-9      0.00007  0.00033  2.63   99700      33  498421  8079242  81.04
  2018        10-14     0.00009  0.00046  2.81   99667      45  498234  7580822  76.06
  2018        15-19     0.00017  0.00085  2.59   99621      85  497903  7082587  71.10
  2018        20-24     0.00026  0.00128  2.61   99537     127  497379  6584684  66.15
  2018        25-29     0.00029  0.00144  2.56   99410     143  496697  6087305  61.23
  2018        30-34     0.00044  0.00219  2.61   99266     217  495810  5590609  56.32
  2018        35-39     0.00058  0.00288  2.67   99049     285  494579  5094799  51.44
  2018        40-44     0.00077  0.00384  2.62   98763     379  492913  4600220  46.58
  2018        45-49     0.00108  0.00539  2.68   98384     531  490687  4107307  41.75
  2018        50-54     0.00150  0.00749  2.62   97854     733  487524  3616619  36.96
  2018        55-59     0.00202  0.01007  2.66   97120     978  483307  3129096  32.22
  2018        60-64     0.00291  0.01444  2.67   96142    1388  477479  2645788  27.52
  2018        65-69     0.00484  0.02393  2.73   94754    2267  468628  2168309  22.88
  2018        70-74     0.00893  0.04378  2.77   92486    4049  453400  1699681  18.38
  2018        75-79     0.02009  0.09615  2.78   88437    8503  423317  1246281  14.09
  2018        80-84     0.04343  0.19774  2.74   79934   15806  363959   822964  10.30
  2018        85-89     0.09009  0.37039  2.60   64128   23752  263643   459004   7.16
  2018        90-94     0.16618  0.57698  2.35   40376   23296  140187   195362   4.84
  2018        95-99     0.28424  0.78166  2.12   17080   13351   46969    55174   3.23
  2018       100-104    0.44300  0.91110  1.77    3729    3398    7670     8205   2.20
  2018       105-109    0.61566  0.96640  1.45     332     320     520      535   1.61
  2018       110+       0.74779  1.00000  1.34      11      11      15       15   1.34
